0) 	0 	 | -1-200	 	 | 0
1) 	0 	 | 400-600	 	 | 0
2) 	0 	 | 800-1000	 	 | 0
3) 	0 	 | 1200-1400	 	 | 0
4) 	552 	 | 1600-1800	 	 | 552
5) 	1656 	 | 2000-2200	 	 | 2208
6) 	1656 	 | 2400-2600	 	 | 3864
7) 	1656 	 | 2800-3000	 	 | 5520
8) 	1840 	 | 3200-3400	 	 | 7360
9) 	1656 	 | 3600-3800	 	 | 9016
10) 	1656 	 | 4000-4200	 	 | 10672
11) 	1656 	 | 4400-4600	 	 | 12328
12) 	1656 	 | 4800-5000	 	 | 13984
13) 	1840 	 | 5200-5400	 	 | 15824
14) 	1656 	 | 5600-5800	 	 | 17480
15) 	1656 	 | 6000-6200	 	 | 19136
16) 	1656 	 | 6400-6600	 	 | 20792
17) 	1656 	 | 6800-7000	 	 | 22448
18) 	1840 	 | 7200-7400	 	 | 24288
19) 	1656 	 | 7600-7800	 	 | 25944
20) 	1656 	 | 8000-8200	 	 | 27600
21) 	1656 	 | 8400-8600	 	 | 29256
22) 	1656 	 | 8800-9000	 	 | 30912
23) 	1840 	 | 9200-9400	 	 | 32752
24) 	1104 	 | 9600-9800	 	 | 33856
25) 	0 	 | 10000-10200	 	 | 33856
26) 	0 	 | 10400-10600	 	 | 33856
27) 	0 	 | 10800-11000	 	 | 33856
28) 	0 	 | 11200-11400	 	 | 33856
29) 	0 	 | 11600-11800	 	 | 33856
30) 	0 	 | 12000-12200	 	 | 33856
31) 	0 	 | 12400-12600	 	 | 33856
32) 	0 	 | 12800-13000	 	 | 33856
33) 	0 	 | 13200-13400	 	 | 33856
34) 	0 	 | 13600-13800	 	 | 33856
35) 	0 	 | 14000-14200	 	 | 33856
36) 	0 	 | 14400-14600	 	 | 33856
37) 	0 	 | 14800-15000	 	 | 33856
38) 	0 	 | 15200-15400	 	 | 33856
39) 	552 	 | 15600-15800	 	 | 34408
40) 	1656 	 | 16000-16200	 	 | 36064
41) 	1656 	 | 16400-16600	 	 | 37720
42) 	1656 	 | 16800-17000	 	 | 39376
43) 	1840 	 | 17200-17400	 	 | 41216
44) 	1656 	 | 17600-17800	 	 | 42872
45) 	1656 	 | 18000-18200	 	 | 44528
46) 	1656 	 | 18400-18600	 	 | 46184
47) 	1656 	 | 18800-19000	 	 | 47840
48) 	1840 	 | 19200-19400	 	 | 49680
49) 	1656 	 | 19600-19800	 	 | 51336
50) 	1656 	 | 20000-20200	 	 | 52992
51) 	1656 	 | 20400-20600	 	 | 54648
52) 	1656 	 | 20800-21000	 	 | 56304
53) 	1840 	 | 21200-21400	 	 | 58144
54) 	1656 	 | 21600-21800	 	 | 59800
55) 	1656 	 | 22000-22200	 	 | 61456
56) 	1656 	 | 22400-22600	 	 | 63112
57) 	1656 	 | 22800-23000	 	 | 64768
58) 	1840 	 | 23200-23400	 	 | 66608
59) 	1104 	 | 23600-23800	 	 | 67712
60) 	0 	 | 24000-24200	 	 | 67712
61) 	0 	 | 24400-24600	 	 | 67712
62) 	0 	 | 24800-25000	 	 | 67712
63) 	0 	 | 25200-25400	 	 | 67712
64) 	0 	 | 25600-25800	 	 | 67712
65) 	0 	 | 26000-26200	 	 | 67712
66) 	0 	 | 26400-26600	 	 | 67712
67) 	0 	 | 26800-27000	 	 | 67712
68) 	0 	 | 27200-27400	 	 | 67712
69) 	0 	 | 27600-27800	 	 | 67712
70) 	0 	 | 28000-28200	 	 | 67712
71) 	0 	 | 28400-28600	 	 | 67712
72) 	0 	 | 28800-29000	 	 | 67712
73) 	0 	 | 29200-29400	 	 | 67712
74) 	552 	 | 29600-29800	 	 | 68264
75) 	1656 	 | 30000-30200	 	 | 69920
76) 	1656 	 | 30400-30600	 	 | 71576
77) 	1656 	 | 30800-31000	 	 | 73232
78) 	1840 	 | 31200-31400	 	 | 75072
79) 	1656 	 | 31600-31800	 	 | 76728
80) 	1656 	 | 32000-32200	 	 | 78384
81) 	1656 	 | 32400-32600	 	 | 80040
82) 	1656 	 | 32800-33000	 	 | 81696
83) 	1840 	 | 33200-33400	 	 | 83536
84) 	1656 	 | 33600-33800	 	 | 85192
85) 	1656 	 | 34000-34200	 	 | 86848
86) 	1656 	 | 34400-34600	 	 | 88504
87) 	1656 	 | 34800-35000	 	 | 90160
88) 	1840 	 | 35200-35400	 	 | 92000
89) 	1656 	 | 35600-35800	 	 | 93656
90) 	1656 	 | 36000-36200	 	 | 95312
91) 	1656 	 | 36400-36600	 	 | 96968
92) 	1656 	 | 36800-37000	 	 | 98624
93) 	1840 	 | 37200-37400	 	 | 100464
94) 	1936 	 | 37600-37800	 	 | 102400
95) 	0 	 | 38000-38200	 	 | 102400
96) 	0 	 | 38400-38600	 	 | 102400
97) 	0 	 | 38800-39000	 	 | 102400
98) 	0 	 | 39200-39400	 	 | 102400
99) 	0 	 | 39600-39800	 	 | 102400
100) 	0 	 | 40000-40200	 	 | 102400
101) 	0 	 | 40400-40600	 	 | 102400
102) 	0 	 | 40800-41000	 	 | 102400
103) 	0 	 | 41200-41400	 	 | 102400
104) 	0 	 | 41600-41800	 	 | 102400
105) 	0 	 | 42000-42200	 	 | 102400
106) 	0 	 | 42400-42600	 	 | 102400
107) 	0 	 | 42800-43000	 	 | 102400
108) 	0 	 | 43200-43400	 	 | 102400
109) 	0 	 | 43600-43800	 	 | 102400
110) 	0 	 | 44000-44200	 	 | 102400
111) 	0 	 | 44400-44600	 	 | 102400
112) 	0 	 | 44800-45000	 	 | 102400
113) 	0 	 | 45200-45400	 	 | 102400
114) 	0 	 | 45600-45800	 	 | 102400
115) 	0 	 | 46000-46200	 	 | 102400
116) 	0 	 | 46400-46600	 	 | 102400
117) 	0 	 | 46800-47000	 	 | 102400
118) 	0 	 | 47200-47400	 	 | 102400
119) 	0 	 | 47600-47800	 	 | 102400
120) 	0 	 | 48000-48200	 	 | 102400
121) 	0 	 | 48400-48600	 	 | 102400
122) 	0 	 | 48800-49000	 	 | 102400
123) 	0 	 | 49200-49400	 	 | 102400
124) 	0 	 | 49600-49800	 	 | 102400
125) 	0 	 | 50000-50200	 	 | 102400
126) 	0 	 | 50400-50600	 	 | 102400
127) 	0 	 | 50800-51000	 	 | 102400
128) 	0 	 | 51200-51400	 	 | 102400
129) 	0 	 | 51600-51800	 	 | 102400
130) 	0 	 | 52000-52200	 	 | 102400
131) 	0 	 | 52400-52600	 	 | 102400
132) 	0 	 | 52800-53000	 	 | 102400
133) 	0 	 | 53200-53400	 	 | 102400
134) 	0 	 | 53600-53800	 	 | 102400
135) 	0 	 | 54000-54200	 	 | 102400
136) 	0 	 | 54400-54600	 	 | 102400
137) 	0 	 | 54800-55000	 	 | 102400
138) 	0 	 | 55200-55400	 	 | 102400
139) 	0 	 | 55600-55800	 	 | 102400
140) 	0 	 | 56000-56200	 	 | 102400
141) 	0 	 | 56400-56600	 	 | 102400
142) 	0 	 | 56800-57000	 	 | 102400
143) 	0 	 | 57200-57400	 	 | 102400
144) 	0 	 | 57600-57800	 	 | 102400
145) 	0 	 | 58000-58200	 	 | 102400
146) 	0 	 | 58400-58600	 	 | 102400
147) 	0 	 | 58800-59000	 	 | 102400
148) 	0 	 | 59200-59400	 	 | 102400
149) 	0 	 | 59600-59800	 	 | 102400
150) 	0 	 | 60000-60200	 	 | 102400
151) 	0 	 | 60400-60600	 	 | 102400
152) 	0 	 | 60800-61000	 	 | 102400
153) 	0 	 | 61200-61400	 	 | 102400
154) 	0 	 | 61600-61800	 	 | 102400
155) 	0 	 | 62000-62200	 	 | 102400
156) 	0 	 | 62400-62600	 	 | 102400
157) 	0 	 | 62800-63000	 	 | 102400
158) 	0 	 | 63200-63400	 	 | 102400
159) 	0 	 | 63600-63800	 	 | 102400
160) 	0 	 | 64000-64200	 	 | 102400
161) 	0 	 | 64400-64600	 	 | 102400
162) 	0 	 | 64800-65000	 	 | 102400
163) 	0 	 | 65200-65400	 	 | 102400
164) 	0 	 | 65600-65800	 	 | 102400
165) 	0 	 | 66000-66200	 	 | 102400
166) 	0 	 | 66400-66600	 	 | 102400
167) 	0 	 | 66800-67000	 	 | 102400
168) 	0 	 | 67200-67400	 	 | 102400
169) 	0 	 | 67600-67800	 	 | 102400
170) 	0 	 | 68000-68200	 	 | 102400
171) 	0 	 | 68400-68600	 	 | 102400
172) 	0 	 | 68800-69000	 	 | 102400
173) 	0 	 | 69200-69400	 	 | 102400
174) 	0 	 | 69600-69800	 	 | 102400
175) 	0 	 | 70000-70200	 	 | 102400
176) 	0 	 | 70400-70600	 	 | 102400
177) 	0 	 | 70800-71000	 	 | 102400
178) 	0 	 | 71200-71400	 	 | 102400
179) 	0 	 | 71600-71800	 	 | 102400
180) 	0 	 | 72000-72200	 	 | 102400
181) 	0 	 | 72400-72600	 	 | 102400
182) 	0 	 | 72800-73000	 	 | 102400
183) 	0 	 | 73200-73400	 	 | 102400
184) 	0 	 | 73600-73800	 	 | 102400
185) 	0 	 | 74000-74200	 	 | 102400
186) 	0 	 | 74400-74600	 	 | 102400
187) 	0 	 | 74800-75000	 	 | 102400
188) 	0 	 | 75200-75400	 	 | 102400
189) 	0 	 | 75600-75800	 	 | 102400
190) 	0 	 | 76000-76200	 	 | 102400
191) 	0 	 | 76400-76600	 	 | 102400
192) 	0 	 | 76800-77000	 	 | 102400
193) 	0 	 | 77200-77400	 	 | 102400
194) 	0 	 | 77600-77800	 	 | 102400
195) 	0 	 | 78000-78200	 	 | 102400
196) 	0 	 | 78400-78600	 	 | 102400
197) 	0 	 | 78800-79000	 	 | 102400
198) 	0 	 | 79200-79400	 	 | 102400
199) 	0 	 | 79600-79800	 	 | 102400
200) 	0 	 | 80000--858993460	 	 | 102400

splitter=================
0) 	1000
1) 	-1
2) 	-1
3) 	1200
4) 	-1
5) 	-1
6) 	-1
7) 	-1
8) 	-1
9) 	-1
10) 	1600
11) 	-1
12) 	-1
13) 	1800
14) 	-1
15) 	-1
16) 	-1
17) 	-1
18) 	-1
19) 	-1
20) 	2200
21) 	-1
22) 	-1
23) 	2400
24) 	-1
25) 	-1
26) 	2600
27) 	-1
28) 	-1
29) 	-1
30) 	2800
31) 	-1
32) 	-1
33) 	3000
34) 	-1
35) 	-1
36) 	3200
37) 	-1
38) 	-1
39) 	-1
40) 	-1
41) 	-1
42) 	-1
43) 	3600
44) 	-1
45) 	-1
46) 	-1
47) 	-1
48) 	-1
49) 	-1
50) 	4000
51) 	-1
52) 	-1
53) 	4200
54) 	-1
55) 	-1
56) 	4400
57) 	-1
58) 	-1
59) 	4600
60) 	-1
61) 	-1
62) 	-1
63) 	4800
64) 	-1
65) 	5000
66) 	8000
67) 	-1
68) 	-1
69) 	-1
70) 	-1
71) 	-1
72) 	-1
73) 	8400
74) 	-1
75) 	-1
76) 	8600
77) 	-1
78) 	-1
79) 	-1
80) 	-1
81) 	-1
82) 	-1
83) 	9000
84) 	-1
85) 	-1
86) 	9200
87) 	-1
88) 	-1
89) 	9400
90) 	-1
91) 	-1
92) 	-1
93) 	-1
94) 	-1
95) 	-1
96) 	9800
97) 	-1
98) 	-1
99) 	10000
100) 	-1
101) 	-1
102) 	-1
103) 	-1
104) 	-1
105) 	-1
106) 	10400
107) 	-1
108) 	-1
109) 	10600
110) 	-1
111) 	-1
112) 	-1
113) 	-1
114) 	-1
115) 	-1
116) 	11000
117) 	-1
118) 	-1
119) 	11200
120) 	-1
121) 	-1
122) 	11400
123) 	-1
124) 	-1
125) 	-1
126) 	-1
127) 	-1
128) 	-1
129) 	11800
130) 	-1
131) 	12000
132) 	15000
133) 	-1
134) 	-1
135) 	-1
136) 	-1
137) 	-1
138) 	-1
139) 	15400
140) 	-1
141) 	-1
142) 	15600
143) 	-1
144) 	-1
145) 	-1
146) 	15800
147) 	-1
148) 	-1
149) 	16000
150) 	-1
151) 	-1
152) 	16200
153) 	-1
154) 	-1
155) 	16400
156) 	-1
157) 	-1
158) 	-1
159) 	-1
160) 	-1
161) 	-1
162) 	16800
163) 	-1
164) 	-1
165) 	-1
166) 	-1
167) 	-1
168) 	-1
169) 	17200
170) 	-1
171) 	-1
172) 	17400
173) 	-1
174) 	-1
175) 	17600
176) 	-1
177) 	-1
178) 	-1
179) 	17800
180) 	-1
181) 	-1
182) 	18000
183) 	-1
184) 	-1
185) 	18200
186) 	-1
187) 	-1
188) 	-1
189) 	-1
190) 	-1
191) 	-1
192) 	18600
193) 	-1
194) 	-1
195) 	18800
196) 	-1
197) 	-1
198) 	-1
199) 	19000
