0) 	1288 	 | -1-1029	 	 | 1288
1) 	0 	 | 1029-1040	 	 | 1288
2) 	0 	 | 1040-1051	 	 | 1288
3) 	0 	 | 1051-1062	 	 | 1288
4) 	0 	 | 1062-1073	 	 | 1288
5) 	0 	 | 1073-1084	 	 | 1288
6) 	0 	 | 1084-1095	 	 | 1288
7) 	0 	 | 1095-1106	 	 | 1288
8) 	490 	 | 1106-1117	 	 | 1778
9) 	430 	 | 1117-1128	 	 | 2208
10) 	0 	 | 1128-1139	 	 | 2208
11) 	0 	 | 1139-1150	 	 | 2208
12) 	0 	 | 1150-1161	 	 | 2208
13) 	0 	 | 1161-1172	 	 | 2208
14) 	0 	 | 1172-1183	 	 | 2208
15) 	4232 	 | 1183-1629	 	 | 6440
16) 	0 	 | 1629-1640	 	 | 6440
17) 	0 	 | 1640-1651	 	 | 6440
18) 	0 	 | 1651-1662	 	 | 6440
19) 	0 	 | 1662-1673	 	 | 6440
20) 	0 	 | 1673-1684	 	 | 6440
21) 	0 	 | 1684-1695	 	 | 6440
22) 	0 	 | 1695-1706	 	 | 6440
23) 	490 	 | 1706-1717	 	 | 6930
24) 	430 	 | 1717-1728	 	 | 7360
25) 	0 	 | 1728-1739	 	 | 7360
26) 	0 	 | 1739-1750	 	 | 7360
27) 	0 	 | 1750-1761	 	 | 7360
28) 	0 	 | 1761-1772	 	 | 7360
29) 	0 	 | 1772-1783	 	 | 7360
30) 	7544 	 | 1783-2638	 	 | 14904
31) 	0 	 | 2638-2648	 	 | 14904
32) 	0 	 | 2648-2658	 	 | 14904
33) 	0 	 | 2658-2668	 	 | 14904
34) 	0 	 | 2668-2678	 	 | 14904
35) 	0 	 | 2678-2688	 	 | 14904
36) 	0 	 | 2688-2698	 	 | 14904
37) 	0 	 | 2698-2708	 	 | 14904
38) 	550 	 | 2708-2718	 	 | 15454
39) 	370 	 | 2718-2728	 	 | 15824
40) 	0 	 | 2728-2738	 	 | 15824
41) 	0 	 | 2738-2748	 	 | 15824
42) 	0 	 | 2748-2758	 	 | 15824
43) 	0 	 | 2758-2768	 	 | 15824
44) 	0 	 | 2768-2778	 	 | 15824
45) 	736 	 | 2778-2850	 	 | 16560
46) 	0 	 | 2850-2860	 	 | 16560
47) 	0 	 | 2860-2870	 	 | 16560
48) 	0 	 | 2870-2880	 	 | 16560
49) 	0 	 | 2880-2890	 	 | 16560
50) 	0 	 | 2890-2900	 	 | 16560
51) 	90 	 | 2900-2910	 	 | 16650
52) 	575 	 | 2910-2920	 	 | 17225
53) 	255 	 | 2920-2930	 	 | 17480
54) 	0 	 | 2930-2940	 	 | 17480
55) 	0 	 | 2940-2950	 	 | 17480
56) 	0 	 | 2950-2960	 	 | 17480
57) 	0 	 | 2960-2970	 	 | 17480
58) 	0 	 | 2970-2980	 	 | 17480
59) 	0 	 | 2980-2990	 	 | 17480
60) 	736 	 | 2990-3029	 	 | 18216
61) 	0 	 | 3029-3040	 	 | 18216
62) 	0 	 | 3040-3051	 	 | 18216
63) 	0 	 | 3051-3062	 	 | 18216
64) 	0 	 | 3062-3073	 	 | 18216
65) 	0 	 | 3073-3084	 	 | 18216
66) 	0 	 | 3084-3095	 	 | 18216
67) 	0 	 | 3095-3106	 	 | 18216
68) 	490 	 | 3106-3117	 	 | 18706
69) 	430 	 | 3117-3128	 	 | 19136
70) 	0 	 | 3128-3139	 	 | 19136
71) 	0 	 | 3139-3150	 	 | 19136
72) 	0 	 | 3150-3161	 	 | 19136
73) 	0 	 | 3161-3172	 	 | 19136
74) 	0 	 | 3172-3183	 	 | 19136
75) 	2091 	 | 3183-3416	 	 | 21227
76) 	345 	 | 3416-3422	 	 | 21572
77) 	140 	 | 3422-3428	 	 | 21712
78) 	0 	 | 3428-3434	 	 | 21712
79) 	0 	 | 3434-3440	 	 | 21712
80) 	0 	 | 3440-3446	 	 | 21712
81) 	0 	 | 3446-3452	 	 | 21712
82) 	0 	 | 3452-3458	 	 | 21712
83) 	0 	 | 3458-3464	 	 | 21712
84) 	0 	 | 3464-3470	 	 | 21712
85) 	0 	 | 3470-3476	 	 | 21712
86) 	0 	 | 3476-3482	 	 | 21712
87) 	0 	 | 3482-3488	 	 | 21712
88) 	0 	 | 3488-3494	 	 | 21712
89) 	0 	 | 3494-3500	 	 | 21712
90) 	2576 	 | 3500-3727	 	 | 24288
91) 	0 	 | 3727-3734	 	 | 24288
92) 	0 	 | 3734-3741	 	 | 24288
93) 	0 	 | 3741-3748	 	 | 24288
94) 	0 	 | 3748-3755	 	 | 24288
95) 	0 	 | 3755-3762	 	 | 24288
96) 	0 	 | 3762-3769	 	 | 24288
97) 	0 	 | 3769-3776	 	 | 24288
98) 	0 	 | 3776-3783	 	 | 24288
99) 	0 	 | 3783-3790	 	 | 24288
100) 	0 	 | 3790-3797	 	 | 24288
101) 	0 	 | 3797-3804	 	 | 24288
102) 	116 	 | 3804-3811	 	 | 24404
103) 	324 	 | 3811-3818	 	 | 24728
104) 	296 	 | 3818-3825	 	 | 25024
105) 	6808 	 | 3825-4638	 	 | 31832
106) 	0 	 | 4638-4648	 	 | 31832
107) 	0 	 | 4648-4658	 	 | 31832
108) 	0 	 | 4658-4668	 	 | 31832
109) 	0 	 | 4668-4678	 	 | 31832
110) 	0 	 | 4678-4688	 	 | 31832
111) 	0 	 | 4688-4698	 	 | 31832
112) 	0 	 | 4698-4708	 	 | 31832
113) 	550 	 | 4708-4718	 	 | 32382
114) 	370 	 | 4718-4728	 	 | 32752
115) 	0 	 | 4728-4738	 	 | 32752
116) 	0 	 | 4738-4748	 	 | 32752
117) 	0 	 | 4748-4758	 	 | 32752
118) 	0 	 | 4758-4768	 	 | 32752
119) 	0 	 | 4768-4778	 	 | 32752
120) 	164 	 | 4778-4812	 	 | 32916
121) 	552 	 | 4812-4824	 	 | 33468
122) 	20 	 | 4824-4836	 	 | 33488
123) 	0 	 | 4836-4848	 	 | 33488
124) 	0 	 | 4848-4860	 	 | 33488
125) 	0 	 | 4860-4872	 	 | 33488
126) 	0 	 | 4872-4884	 	 | 33488
127) 	0 	 | 4884-4896	 	 | 33488
128) 	0 	 | 4896-4908	 	 | 33488
129) 	266 	 | 4908-4920	 	 | 33754
130) 	102 	 | 4920-4932	 	 | 33856
131) 	0 	 | 4932-4944	 	 | 33856
132) 	0 	 | 4944-4956	 	 | 33856
133) 	0 	 | 4956-4968	 	 | 33856
134) 	0 	 | 4968-4980	 	 | 33856
135) 	4784 	 | 4980-8429	 	 | 38640
136) 	0 	 | 8429-8440	 	 | 38640
137) 	0 	 | 8440-8451	 	 | 38640
138) 	0 	 | 8451-8462	 	 | 38640
139) 	0 	 | 8462-8473	 	 | 38640
140) 	0 	 | 8473-8484	 	 | 38640
141) 	0 	 | 8484-8495	 	 | 38640
142) 	0 	 | 8495-8506	 	 | 38640
143) 	392 	 | 8506-8517	 	 | 39032
144) 	344 	 | 8517-8528	 	 | 39376
145) 	0 	 | 8528-8539	 	 | 39376
146) 	0 	 | 8539-8550	 	 | 39376
147) 	0 	 | 8550-8561	 	 | 39376
148) 	0 	 | 8561-8572	 	 | 39376
149) 	0 	 | 8572-8583	 	 | 39376
150) 	11040 	 | 8583-9829	 	 | 50416
151) 	0 	 | 9829-9840	 	 | 50416
152) 	0 	 | 9840-9851	 	 | 50416
153) 	0 	 | 9851-9862	 	 | 50416
154) 	0 	 | 9862-9873	 	 | 50416
155) 	0 	 | 9873-9884	 	 | 50416
156) 	0 	 | 9884-9895	 	 | 50416
157) 	0 	 | 9895-9906	 	 | 50416
158) 	490 	 | 9906-9917	 	 | 50906
159) 	430 	 | 9917-9928	 	 | 51336
160) 	0 	 | 9928-9939	 	 | 51336
161) 	0 	 | 9939-9950	 	 | 51336
162) 	0 	 | 9950-9961	 	 | 51336
163) 	0 	 | 9961-9972	 	 | 51336
164) 	0 	 | 9972-9983	 	 | 51336
165) 	4232 	 | 9983-10429	 	 | 55568
166) 	0 	 | 10429-10440	 	 | 55568
167) 	0 	 | 10440-10451	 	 | 55568
168) 	0 	 | 10451-10462	 	 | 55568
169) 	0 	 | 10462-10473	 	 | 55568
170) 	0 	 | 10473-10484	 	 | 55568
171) 	0 	 | 10484-10495	 	 | 55568
172) 	0 	 | 10495-10506	 	 | 55568
173) 	392 	 | 10506-10517	 	 | 55960
174) 	344 	 | 10517-10528	 	 | 56304
175) 	0 	 | 10528-10539	 	 | 56304
176) 	0 	 | 10539-10550	 	 | 56304
177) 	0 	 | 10550-10561	 	 | 56304
178) 	0 	 | 10561-10572	 	 | 56304
179) 	0 	 | 10572-10583	 	 | 56304
180) 	10468 	 | 10583-11812	 	 | 66772
181) 	552 	 | 11812-11824	 	 | 67324
182) 	20 	 | 11824-11836	 	 | 67344
183) 	0 	 | 11836-11848	 	 | 67344
184) 	0 	 | 11848-11860	 	 | 67344
185) 	0 	 | 11860-11872	 	 | 67344
186) 	0 	 | 11872-11884	 	 | 67344
187) 	0 	 | 11884-11896	 	 | 67344
188) 	0 	 | 11896-11908	 	 | 67344
189) 	266 	 | 11908-11920	 	 | 67610
190) 	102 	 | 11920-11932	 	 | 67712
191) 	0 	 | 11932-11944	 	 | 67712
192) 	0 	 | 11944-11956	 	 | 67712
193) 	0 	 | 11956-11968	 	 | 67712
194) 	0 	 | 11968-11980	 	 | 67712
195) 	4784 	 | 11980-15429	 	 | 72496
196) 	0 	 | 15429-15440	 	 | 72496
197) 	0 	 | 15440-15451	 	 | 72496
198) 	0 	 | 15451-15462	 	 | 72496
199) 	0 	 | 15462-15473	 	 | 72496
200) 	0 	 | 15473-15484	 	 | 72496
201) 	0 	 | 15484-15495	 	 | 72496
202) 	0 	 | 15495-15506	 	 | 72496
203) 	392 	 | 15506-15517	 	 | 72888
204) 	344 	 | 15517-15528	 	 | 73232
205) 	0 	 | 15528-15539	 	 | 73232
206) 	0 	 | 15539-15550	 	 | 73232
207) 	0 	 | 15550-15561	 	 | 73232
208) 	0 	 | 15561-15572	 	 | 73232
209) 	0 	 | 15572-15583	 	 | 73232
210) 	920 	 | 15583-15638	 	 | 74152
211) 	0 	 | 15638-15648	 	 | 74152
212) 	0 	 | 15648-15658	 	 | 74152
213) 	0 	 | 15658-15668	 	 | 74152
214) 	0 	 | 15668-15678	 	 | 74152
215) 	0 	 | 15678-15688	 	 | 74152
216) 	0 	 | 15688-15698	 	 | 74152
217) 	0 	 | 15698-15708	 	 | 74152
218) 	550 	 | 15708-15718	 	 | 74702
219) 	370 	 | 15718-15728	 	 | 75072
220) 	0 	 | 15728-15738	 	 | 75072
221) 	0 	 | 15738-15748	 	 | 75072
222) 	0 	 | 15748-15758	 	 | 75072
223) 	0 	 | 15758-15768	 	 | 75072
224) 	0 	 | 15768-15778	 	 | 75072
225) 	7544 	 | 15778-16650	 	 | 82616
226) 	0 	 | 16650-16660	 	 | 82616
227) 	0 	 | 16660-16670	 	 | 82616
228) 	0 	 | 16670-16680	 	 | 82616
229) 	0 	 | 16680-16690	 	 | 82616
230) 	0 	 | 16690-16700	 	 | 82616
231) 	90 	 | 16700-16710	 	 | 82706
232) 	575 	 | 16710-16720	 	 | 83281
233) 	255 	 | 16720-16730	 	 | 83536
234) 	0 	 | 16730-16740	 	 | 83536
235) 	0 	 | 16740-16750	 	 | 83536
236) 	0 	 | 16750-16760	 	 | 83536
237) 	0 	 | 16760-16770	 	 | 83536
238) 	0 	 | 16770-16780	 	 | 83536
239) 	0 	 | 16780-16790	 	 | 83536
240) 	736 	 | 16790-16826	 	 | 84272
241) 	0 	 | 16826-16832	 	 | 84272
242) 	0 	 | 16832-16838	 	 | 84272
243) 	0 	 | 16838-16844	 	 | 84272
244) 	0 	 | 16844-16850	 	 | 84272
245) 	0 	 | 16850-16856	 	 | 84272
246) 	0 	 | 16856-16862	 	 | 84272
247) 	0 	 | 16862-16868	 	 | 84272
248) 	0 	 | 16868-16874	 	 | 84272
249) 	0 	 | 16874-16880	 	 | 84272
250) 	0 	 | 16880-16886	 	 | 84272
251) 	0 	 | 16886-16892	 	 | 84272
252) 	0 	 | 16892-16898	 	 | 84272
253) 	0 	 | 16898-16904	 	 | 84272
254) 	90 	 | 16904-16910	 	 | 84362
255) 	830 	 | 16910-16927	 	 | 85192
256) 	0 	 | 16927-16934	 	 | 85192
257) 	0 	 | 16934-16941	 	 | 85192
258) 	0 	 | 16941-16948	 	 | 85192
259) 	0 	 | 16948-16955	 	 | 85192
260) 	0 	 | 16955-16962	 	 | 85192
261) 	0 	 | 16962-16969	 	 | 85192
262) 	0 	 | 16969-16976	 	 | 85192
263) 	0 	 | 16976-16983	 	 | 85192
264) 	0 	 | 16983-16990	 	 | 85192
265) 	0 	 | 16990-16997	 	 | 85192
266) 	0 	 | 16997-17004	 	 | 85192
267) 	116 	 | 17004-17011	 	 | 85308
268) 	324 	 | 17011-17018	 	 | 85632
269) 	296 	 | 17018-17025	 	 | 85928
270) 	1840 	 | 17025-17229	 	 | 87768
271) 	0 	 | 17229-17240	 	 | 87768
272) 	0 	 | 17240-17251	 	 | 87768
273) 	0 	 | 17251-17262	 	 | 87768
274) 	0 	 | 17262-17273	 	 | 87768
275) 	0 	 | 17273-17284	 	 | 87768
276) 	0 	 | 17284-17295	 	 | 87768
277) 	0 	 | 17295-17306	 	 | 87768
278) 	392 	 | 17306-17317	 	 | 88160
279) 	344 	 | 17317-17328	 	 | 88504
280) 	0 	 | 17328-17339	 	 | 88504
281) 	0 	 | 17339-17350	 	 | 88504
282) 	0 	 | 17350-17361	 	 | 88504
283) 	0 	 | 17361-17372	 	 | 88504
284) 	0 	 | 17372-17383	 	 | 88504
285) 	2576 	 | 17383-17638	 	 | 91080
286) 	0 	 | 17638-17648	 	 | 91080
287) 	0 	 | 17648-17658	 	 | 91080
288) 	0 	 | 17658-17668	 	 | 91080
289) 	0 	 | 17668-17678	 	 | 91080
290) 	0 	 | 17678-17688	 	 | 91080
291) 	0 	 | 17688-17698	 	 | 91080
292) 	0 	 | 17698-17708	 	 | 91080
293) 	550 	 | 17708-17718	 	 | 91630
294) 	370 	 | 17718-17728	 	 | 92000
295) 	0 	 | 17728-17738	 	 | 92000
296) 	0 	 | 17738-17748	 	 | 92000
297) 	0 	 | 17748-17758	 	 | 92000
298) 	0 	 | 17758-17768	 	 | 92000
299) 	0 	 | 17768-17778	 	 | 92000
300) 	2392 	 | 17778-18050	 	 | 94392
301) 	0 	 | 18050-18060	 	 | 94392
302) 	0 	 | 18060-18070	 	 | 94392
303) 	0 	 | 18070-18080	 	 | 94392
304) 	0 	 | 18080-18090	 	 | 94392
305) 	0 	 | 18090-18100	 	 | 94392
306) 	90 	 | 18100-18110	 	 | 94482
307) 	575 	 | 18110-18120	 	 | 95057
308) 	255 	 | 18120-18130	 	 | 95312
309) 	0 	 | 18130-18140	 	 | 95312
310) 	0 	 | 18140-18150	 	 | 95312
311) 	0 	 | 18150-18160	 	 | 95312
312) 	0 	 | 18160-18170	 	 | 95312
313) 	0 	 | 18170-18180	 	 | 95312
314) 	0 	 | 18180-18190	 	 | 95312
315) 	1656 	 | 18190-18327	 	 | 96968
316) 	0 	 | 18327-18334	 	 | 96968
317) 	0 	 | 18334-18341	 	 | 96968
318) 	0 	 | 18341-18348	 	 | 96968
319) 	0 	 | 18348-18355	 	 | 96968
320) 	0 	 | 18355-18362	 	 | 96968
321) 	0 	 | 18362-18369	 	 | 96968
322) 	0 	 | 18369-18376	 	 | 96968
323) 	0 	 | 18376-18383	 	 | 96968
324) 	0 	 | 18383-18390	 	 | 96968
325) 	0 	 | 18390-18397	 	 | 96968
326) 	0 	 | 18397-18404	 	 | 96968
327) 	145 	 | 18404-18411	 	 | 97113
328) 	405 	 | 18411-18418	 	 | 97518
329) 	370 	 | 18418-18425	 	 | 97888
330) 	1656 	 | 18425-18629	 	 | 99544
331) 	0 	 | 18629-18640	 	 | 99544
332) 	0 	 | 18640-18651	 	 | 99544
333) 	0 	 | 18651-18662	 	 | 99544
334) 	0 	 | 18662-18673	 	 | 99544
335) 	0 	 | 18673-18684	 	 | 99544
336) 	0 	 | 18684-18695	 	 | 99544
337) 	0 	 | 18695-18706	 	 | 99544
338) 	490 	 | 18706-18717	 	 | 100034
339) 	430 	 | 18717-18728	 	 | 100464
340) 	0 	 | 18728-18739	 	 | 100464
341) 	0 	 | 18739-18750	 	 | 100464
342) 	0 	 | 18750-18761	 	 | 100464
343) 	0 	 | 18761-18772	 	 | 100464
344) 	0 	 | 18772-18783	 	 | 100464
345) 	1936 	 | 18783-19876	 	 | 102400
346) 	0 	 | 19876-20969	 	 | 102400
347) 	0 	 | 20969-22062	 	 | 102400
348) 	0 	 | 22062-23155	 	 | 102400
349) 	0 	 | 23155-24248	 	 | 102400
350) 	0 	 | 24248-25341	 	 | 102400
351) 	0 	 | 25341-26434	 	 | 102400
352) 	0 	 | 26434-27527	 	 | 102400
353) 	0 	 | 27527-28620	 	 | 102400
354) 	0 	 | 28620-29713	 	 | 102400
355) 	0 	 | 29713-30806	 	 | 102400
356) 	0 	 | 30806-31899	 	 | 102400
357) 	0 	 | 31899-32992	 	 | 102400
358) 	0 	 | 32992-34085	 	 | 102400
359) 	0 	 | 34085-35178	 	 | 102400
360) 	0 	 | 35178-36271	 	 | 102400
361) 	0 	 | 36271-37364	 	 | 102400
362) 	0 	 | 37364-38457	 	 | 102400
363) 	0 	 | 38457-39550	 	 | 102400
364) 	0 	 | 39550-40643	 	 | 102400
365) 	0 	 | 40643-41736	 	 | 102400
366) 	0 	 | 41736-42829	 	 | 102400
367) 	0 	 | 42829-43922	 	 | 102400
368) 	0 	 | 43922-45015	 	 | 102400
369) 	0 	 | 45015-46108	 	 | 102400
370) 	0 	 | 46108-47201	 	 | 102400
371) 	0 	 | 47201-48294	 	 | 102400
372) 	0 	 | 48294-49387	 	 | 102400
373) 	0 	 | 49387-50480	 	 | 102400
374) 	0 	 | 50480-51573	 	 | 102400
375) 	0 	 | 51573-52666	 	 | 102400
376) 	0 	 | 52666-53759	 	 | 102400
377) 	0 	 | 53759-54852	 	 | 102400
378) 	0 	 | 54852-55945	 	 | 102400
379) 	0 	 | 55945-57038	 	 | 102400
380) 	0 	 | 57038-58131	 	 | 102400
381) 	0 	 | 58131-59224	 	 | 102400
382) 	0 	 | 59224-60317	 	 | 102400
383) 	0 	 | 60317-61410	 	 | 102400
384) 	0 	 | 61410-62503	 	 | 102400
385) 	0 	 | 62503-63596	 	 | 102400
386) 	0 	 | 63596-64689	 	 | 102400
387) 	0 	 | 64689-65782	 	 | 102400
388) 	0 	 | 65782-66875	 	 | 102400
389) 	0 	 | 66875-67968	 	 | 102400
390) 	0 	 | 67968-69061	 	 | 102400
391) 	0 	 | 69061-70154	 	 | 102400
392) 	0 	 | 70154-71247	 	 | 102400
393) 	0 	 | 71247-72340	 	 | 102400
394) 	0 	 | 72340-73433	 	 | 102400
395) 	0 	 | 73433-74526	 	 | 102400
396) 	0 	 | 74526-75619	 	 | 102400
397) 	0 	 | 75619-76712	 	 | 102400
398) 	0 	 | 76712-77805	 	 | 102400
399) 	0 	 | 77805-80000	 	 | 102400

splitter=================
0) 	1000
1) 	1018
2) 	-1
3) 	1200
4) 	1215
5) 	1230
6) 	1320
7) 	1410
8) 	1440
9) 	1518
10) 	1600
11) 	1618
12) 	-1
13) 	1800
14) 	1815
15) 	1830
16) 	1920
17) 	2010
18) 	2040
19) 	2118
20) 	2200
21) 	2218
22) 	2240
23) 	2400
24) 	2418
25) 	2440
26) 	2600
27) 	2616
28) 	2628
29) 	2718
30) 	2800
31) 	2840
32) 	-1
33) 	3000
34) 	3018
35) 	-1
36) 	3200
37) 	3215
38) 	3230
39) 	3320
40) 	3410
41) 	3422
42) 	3512
43) 	3600
44) 	3620
45) 	3630
46) 	3720
47) 	3818
48) 	3840
49) 	3918
50) 	4000
51) 	4040
52) 	4118
53) 	4200
54) 	4218
55) 	4240
56) 	4400
57) 	4418
58) 	4440
59) 	4600
60) 	4612
61) 	4628
62) 	4718
63) 	4800
64) 	4824
65) 	5000
66) 	8000
67) 	8015
68) 	8030
69) 	8120
70) 	8210
71) 	8240
72) 	8318
73) 	8400
74) 	8418
75) 	8517
76) 	8600
77) 	8620
78) 	8630
79) 	8720
80) 	8810
81) 	8840
82) 	8918
83) 	9000
84) 	9040
85) 	9118
86) 	9200
87) 	9218
88) 	9240
89) 	9400
90) 	9415
91) 	9430
92) 	9520
93) 	9610
94) 	9640
95) 	9718
96) 	9800
97) 	9818
98) 	-1
99) 	10000
100) 	10015
101) 	10030
102) 	10120
103) 	10210
104) 	10240
105) 	10318
106) 	10400
107) 	10418
108) 	10517
109) 	10600
110) 	10620
111) 	10630
112) 	10720
113) 	10810
114) 	10840
115) 	10918
116) 	11000
117) 	11040
118) 	11118
119) 	11200
120) 	11218
121) 	11240
122) 	11400
123) 	11415
124) 	11430
125) 	11520
126) 	11610
127) 	11640
128) 	11718
129) 	11800
130) 	-1
131) 	12000
132) 	15000
133) 	15015
134) 	15030
135) 	15120
136) 	15210
137) 	15240
138) 	15318
139) 	15400
140) 	15418
141) 	15517
142) 	15600
143) 	15616
144) 	15628
145) 	15718
146) 	15800
147) 	15840
148) 	15920
149) 	16000
150) 	16040
151) 	16118
152) 	16200
153) 	16218
154) 	16240
155) 	16400
156) 	16415
157) 	16430
158) 	16520
159) 	16610
160) 	16640
161) 	-1
162) 	16800
163) 	16820
164) 	16910
165) 	16920
166) 	17018
167) 	17040
168) 	17118
169) 	17200
170) 	17218
171) 	17317
172) 	17400
173) 	17418
174) 	17440
175) 	17600
176) 	17616
177) 	17628
178) 	17718
179) 	17800
180) 	17840
181) 	17918
182) 	18000
183) 	18040
184) 	-1
185) 	18200
186) 	18215
187) 	18230
188) 	18320
189) 	18411
190) 	18440
191) 	18518
192) 	18600
193) 	18618
194) 	18717
195) 	18800
196) 	-1
197) 	-1
198) 	-1
199) 	19000
