0) 	1176 	 | -1-1022	 	 | 1176
1) 	112 	 | 1022-1026	 	 | 1288
2) 	0 	 | 1026-1030	 	 | 1288
3) 	0 	 | 1030-1034	 	 | 1288
4) 	0 	 | 1034-1038	 	 | 1288
5) 	0 	 | 1038-1042	 	 | 1288
6) 	0 	 | 1042-1046	 	 | 1288
7) 	0 	 | 1046-1050	 	 | 1288
8) 	0 	 | 1050-1054	 	 | 1288
9) 	0 	 | 1054-1058	 	 | 1288
10) 	0 	 | 1058-1062	 	 | 1288
11) 	0 	 | 1062-1066	 	 | 1288
12) 	0 	 | 1066-1070	 	 | 1288
13) 	0 	 | 1070-1074	 	 | 1288
14) 	0 	 | 1074-1078	 	 | 1288
15) 	0 	 | 1078-1082	 	 | 1288
16) 	0 	 | 1082-1086	 	 | 1288
17) 	0 	 | 1086-1090	 	 | 1288
18) 	0 	 | 1090-1094	 	 | 1288
19) 	0 	 | 1094-1098	 	 | 1288
20) 	0 	 | 1098-1102	 	 | 1288
21) 	0 	 | 1102-1106	 	 | 1288
22) 	90 	 | 1106-1110	 	 | 1378
23) 	230 	 | 1110-1114	 	 | 1608
24) 	230 	 | 1114-1118	 	 | 1838
25) 	230 	 | 1118-1122	 	 | 2068
26) 	140 	 | 1122-1126	 	 | 2208
27) 	0 	 | 1126-1130	 	 | 2208
28) 	0 	 | 1130-1134	 	 | 2208
29) 	0 	 | 1134-1138	 	 | 2208
30) 	0 	 | 1138-1142	 	 | 2208
31) 	0 	 | 1142-1146	 	 | 2208
32) 	0 	 | 1146-1150	 	 | 2208
33) 	0 	 | 1150-1154	 	 | 2208
34) 	0 	 | 1154-1158	 	 | 2208
35) 	0 	 | 1158-1162	 	 | 2208
36) 	4092 	 | 1162-1622	 	 | 6300
37) 	140 	 | 1622-1626	 	 | 6440
38) 	0 	 | 1626-1630	 	 | 6440
39) 	0 	 | 1630-1634	 	 | 6440
40) 	0 	 | 1634-1638	 	 | 6440
41) 	0 	 | 1638-1642	 	 | 6440
42) 	0 	 | 1642-1646	 	 | 6440
43) 	0 	 | 1646-1650	 	 | 6440
44) 	0 	 | 1650-1654	 	 | 6440
45) 	0 	 | 1654-1658	 	 | 6440
46) 	0 	 | 1658-1662	 	 | 6440
47) 	0 	 | 1662-1666	 	 | 6440
48) 	0 	 | 1666-1670	 	 | 6440
49) 	0 	 | 1670-1674	 	 | 6440
50) 	0 	 | 1674-1678	 	 | 6440
51) 	0 	 | 1678-1682	 	 | 6440
52) 	0 	 | 1682-1686	 	 | 6440
53) 	0 	 | 1686-1690	 	 | 6440
54) 	0 	 | 1690-1694	 	 | 6440
55) 	0 	 | 1694-1698	 	 | 6440
56) 	0 	 | 1698-1702	 	 | 6440
57) 	0 	 | 1702-1706	 	 | 6440
58) 	90 	 | 1706-1710	 	 | 6530
59) 	230 	 | 1710-1714	 	 | 6760
60) 	230 	 | 1714-1718	 	 | 6990
61) 	230 	 | 1718-1722	 	 | 7220
62) 	140 	 | 1722-1726	 	 | 7360
63) 	0 	 | 1726-1730	 	 | 7360
64) 	0 	 | 1730-1734	 	 | 7360
65) 	0 	 | 1734-1738	 	 | 7360
66) 	0 	 | 1738-1742	 	 | 7360
67) 	0 	 | 1742-1746	 	 | 7360
68) 	0 	 | 1746-1750	 	 | 7360
69) 	0 	 | 1750-1754	 	 | 7360
70) 	0 	 | 1754-1758	 	 | 7360
71) 	0 	 | 1758-1762	 	 | 7360
72) 	9200 	 | 1762-2844	 	 | 16560
73) 	0 	 | 2844-2848	 	 | 16560
74) 	0 	 | 2848-2852	 	 | 16560
75) 	0 	 | 2852-2856	 	 | 16560
76) 	0 	 | 2856-2860	 	 | 16560
77) 	0 	 | 2860-2864	 	 | 16560
78) 	0 	 | 2864-2868	 	 | 16560
79) 	0 	 | 2868-2872	 	 | 16560
80) 	0 	 | 2872-2876	 	 | 16560
81) 	0 	 | 2876-2880	 	 | 16560
82) 	0 	 | 2880-2884	 	 | 16560
83) 	0 	 | 2884-2888	 	 | 16560
84) 	0 	 | 2888-2892	 	 | 16560
85) 	0 	 | 2892-2896	 	 | 16560
86) 	0 	 | 2896-2900	 	 | 16560
87) 	0 	 | 2900-2904	 	 | 16560
88) 	0 	 | 2904-2908	 	 | 16560
89) 	205 	 | 2908-2912	 	 | 16765
90) 	230 	 | 2912-2916	 	 | 16995
91) 	230 	 | 2916-2920	 	 | 17225
92) 	230 	 | 2920-2924	 	 | 17455
93) 	25 	 | 2924-2928	 	 | 17480
94) 	0 	 | 2928-2932	 	 | 17480
95) 	0 	 | 2932-2936	 	 | 17480
96) 	0 	 | 2936-2940	 	 | 17480
97) 	0 	 | 2940-2944	 	 | 17480
98) 	0 	 | 2944-2948	 	 | 17480
99) 	0 	 | 2948-2952	 	 | 17480
100) 	0 	 | 2952-2956	 	 | 17480
101) 	0 	 | 2956-2960	 	 | 17480
102) 	0 	 | 2960-2964	 	 | 17480
103) 	0 	 | 2964-2968	 	 | 17480
104) 	0 	 | 2968-2972	 	 | 17480
105) 	0 	 | 2972-2976	 	 | 17480
106) 	0 	 | 2976-2980	 	 | 17480
107) 	0 	 | 2980-2984	 	 | 17480
108) 	624 	 | 2984-3022	 	 | 18104
109) 	112 	 | 3022-3026	 	 | 18216
110) 	0 	 | 3026-3030	 	 | 18216
111) 	0 	 | 3030-3034	 	 | 18216
112) 	0 	 | 3034-3038	 	 | 18216
113) 	0 	 | 3038-3042	 	 | 18216
114) 	0 	 | 3042-3046	 	 | 18216
115) 	0 	 | 3046-3050	 	 | 18216
116) 	0 	 | 3050-3054	 	 | 18216
117) 	0 	 | 3054-3058	 	 | 18216
118) 	0 	 | 3058-3062	 	 | 18216
119) 	0 	 | 3062-3066	 	 | 18216
120) 	0 	 | 3066-3070	 	 | 18216
121) 	0 	 | 3070-3074	 	 | 18216
122) 	0 	 | 3074-3078	 	 | 18216
123) 	0 	 | 3078-3082	 	 | 18216
124) 	0 	 | 3082-3086	 	 | 18216
125) 	0 	 | 3086-3090	 	 | 18216
126) 	0 	 | 3090-3094	 	 | 18216
127) 	0 	 | 3094-3098	 	 | 18216
128) 	0 	 | 3098-3102	 	 | 18216
129) 	0 	 | 3102-3106	 	 | 18216
130) 	90 	 | 3106-3110	 	 | 18306
131) 	230 	 | 3110-3114	 	 | 18536
132) 	230 	 | 3114-3118	 	 | 18766
133) 	230 	 | 3118-3122	 	 | 18996
134) 	140 	 | 3122-3126	 	 | 19136
135) 	0 	 | 3126-3130	 	 | 19136
136) 	0 	 | 3130-3134	 	 | 19136
137) 	0 	 | 3134-3138	 	 | 19136
138) 	0 	 | 3138-3142	 	 | 19136
139) 	0 	 | 3142-3146	 	 | 19136
140) 	0 	 | 3146-3150	 	 | 19136
141) 	0 	 | 3150-3154	 	 | 19136
142) 	0 	 | 3154-3158	 	 | 19136
143) 	0 	 | 3158-3162	 	 | 19136
144) 	31168 	 | 3162-9822	 	 | 50304
145) 	112 	 | 9822-9826	 	 | 50416
146) 	0 	 | 9826-9830	 	 | 50416
147) 	0 	 | 9830-9834	 	 | 50416
148) 	0 	 | 9834-9838	 	 | 50416
149) 	0 	 | 9838-9842	 	 | 50416
150) 	0 	 | 9842-9846	 	 | 50416
151) 	0 	 | 9846-9850	 	 | 50416
152) 	0 	 | 9850-9854	 	 | 50416
153) 	0 	 | 9854-9858	 	 | 50416
154) 	0 	 | 9858-9862	 	 | 50416
155) 	0 	 | 9862-9866	 	 | 50416
156) 	0 	 | 9866-9870	 	 | 50416
157) 	0 	 | 9870-9874	 	 | 50416
158) 	0 	 | 9874-9878	 	 | 50416
159) 	0 	 | 9878-9882	 	 | 50416
160) 	0 	 | 9882-9886	 	 | 50416
161) 	0 	 | 9886-9890	 	 | 50416
162) 	0 	 | 9890-9894	 	 | 50416
163) 	0 	 | 9894-9898	 	 | 50416
164) 	0 	 | 9898-9902	 	 | 50416
165) 	0 	 | 9902-9906	 	 | 50416
166) 	90 	 | 9906-9910	 	 | 50506
167) 	230 	 | 9910-9914	 	 | 50736
168) 	230 	 | 9914-9918	 	 | 50966
169) 	230 	 | 9918-9922	 	 | 51196
170) 	140 	 | 9922-9926	 	 | 51336
171) 	0 	 | 9926-9930	 	 | 51336
172) 	0 	 | 9930-9934	 	 | 51336
173) 	0 	 | 9934-9938	 	 | 51336
174) 	0 	 | 9938-9942	 	 | 51336
175) 	0 	 | 9942-9946	 	 | 51336
176) 	0 	 | 9946-9950	 	 | 51336
177) 	0 	 | 9950-9954	 	 | 51336
178) 	0 	 | 9954-9958	 	 | 51336
179) 	0 	 | 9958-9962	 	 | 51336
180) 	15272 	 | 9962-11805	 	 | 66608
181) 	72 	 | 11805-11810	 	 | 66680
182) 	228 	 | 11810-11815	 	 | 66908
183) 	232 	 | 11815-11820	 	 | 67140
184) 	204 	 | 11820-11825	 	 | 67344
185) 	0 	 | 11825-11830	 	 | 67344
186) 	0 	 | 11830-11835	 	 | 67344
187) 	0 	 | 11835-11840	 	 | 67344
188) 	0 	 | 11840-11845	 	 | 67344
189) 	0 	 | 11845-11850	 	 | 67344
190) 	0 	 | 11850-11855	 	 | 67344
191) 	0 	 | 11855-11860	 	 | 67344
192) 	0 	 | 11860-11865	 	 | 67344
193) 	0 	 | 11865-11870	 	 | 67344
194) 	0 	 | 11870-11875	 	 | 67344
195) 	0 	 | 11875-11880	 	 | 67344
196) 	0 	 | 11880-11885	 	 | 67344
197) 	0 	 | 11885-11890	 	 | 67344
198) 	0 	 | 11890-11895	 	 | 67344
199) 	0 	 | 11895-11900	 	 | 67344
200) 	0 	 | 11900-11905	 	 | 67344
201) 	36 	 | 11905-11910	 	 | 67380
202) 	114 	 | 11910-11915	 	 | 67494
203) 	116 	 | 11915-11920	 	 | 67610
204) 	102 	 | 11920-11925	 	 | 67712
205) 	0 	 | 11925-11930	 	 | 67712
206) 	0 	 | 11930-11935	 	 | 67712
207) 	0 	 | 11935-11940	 	 | 67712
208) 	0 	 | 11940-11945	 	 | 67712
209) 	0 	 | 11945-11950	 	 | 67712
210) 	0 	 | 11950-11955	 	 | 67712
211) 	0 	 | 11955-11960	 	 | 67712
212) 	0 	 | 11960-11965	 	 | 67712
213) 	0 	 | 11965-11970	 	 | 67712
214) 	0 	 | 11970-11975	 	 | 67712
215) 	0 	 | 11975-11980	 	 | 67712
216) 	14904 	 | 11980-16644	 	 | 82616
217) 	0 	 | 16644-16648	 	 | 82616
218) 	0 	 | 16648-16652	 	 | 82616
219) 	0 	 | 16652-16656	 	 | 82616
220) 	0 	 | 16656-16660	 	 | 82616
221) 	0 	 | 16660-16664	 	 | 82616
222) 	0 	 | 16664-16668	 	 | 82616
223) 	0 	 | 16668-16672	 	 | 82616
224) 	0 	 | 16672-16676	 	 | 82616
225) 	0 	 | 16676-16680	 	 | 82616
226) 	0 	 | 16680-16684	 	 | 82616
227) 	0 	 | 16684-16688	 	 | 82616
228) 	0 	 | 16688-16692	 	 | 82616
229) 	0 	 | 16692-16696	 	 | 82616
230) 	0 	 | 16696-16700	 	 | 82616
231) 	0 	 | 16700-16704	 	 | 82616
232) 	0 	 | 16704-16708	 	 | 82616
233) 	205 	 | 16708-16712	 	 | 82821
234) 	230 	 | 16712-16716	 	 | 83051
235) 	230 	 | 16716-16720	 	 | 83281
236) 	230 	 | 16720-16724	 	 | 83511
237) 	25 	 | 16724-16728	 	 | 83536
238) 	0 	 | 16728-16732	 	 | 83536
239) 	0 	 | 16732-16736	 	 | 83536
240) 	0 	 | 16736-16740	 	 | 83536
241) 	0 	 | 16740-16744	 	 | 83536
242) 	0 	 | 16744-16748	 	 | 83536
243) 	0 	 | 16748-16752	 	 | 83536
244) 	0 	 | 16752-16756	 	 | 83536
245) 	0 	 | 16756-16760	 	 | 83536
246) 	0 	 | 16760-16764	 	 | 83536
247) 	0 	 | 16764-16768	 	 | 83536
248) 	0 	 | 16768-16772	 	 | 83536
249) 	0 	 | 16772-16776	 	 | 83536
250) 	0 	 | 16776-16780	 	 | 83536
251) 	0 	 | 16780-16784	 	 | 83536
252) 	10856 	 | 16784-18044	 	 | 94392
253) 	0 	 | 18044-18048	 	 | 94392
254) 	0 	 | 18048-18052	 	 | 94392
255) 	0 	 | 18052-18056	 	 | 94392
256) 	0 	 | 18056-18060	 	 | 94392
257) 	0 	 | 18060-18064	 	 | 94392
258) 	0 	 | 18064-18068	 	 | 94392
259) 	0 	 | 18068-18072	 	 | 94392
260) 	0 	 | 18072-18076	 	 | 94392
261) 	0 	 | 18076-18080	 	 | 94392
262) 	0 	 | 18080-18084	 	 | 94392
263) 	0 	 | 18084-18088	 	 | 94392
264) 	0 	 | 18088-18092	 	 | 94392
265) 	0 	 | 18092-18096	 	 | 94392
266) 	0 	 | 18096-18100	 	 | 94392
267) 	0 	 | 18100-18104	 	 | 94392
268) 	0 	 | 18104-18108	 	 | 94392
269) 	205 	 | 18108-18112	 	 | 94597
270) 	230 	 | 18112-18116	 	 | 94827
271) 	230 	 | 18116-18120	 	 | 95057
272) 	230 	 | 18120-18124	 	 | 95287
273) 	25 	 | 18124-18128	 	 | 95312
274) 	0 	 | 18128-18132	 	 | 95312
275) 	0 	 | 18132-18136	 	 | 95312
276) 	0 	 | 18136-18140	 	 | 95312
277) 	0 	 | 18140-18144	 	 | 95312
278) 	0 	 | 18144-18148	 	 | 95312
279) 	0 	 | 18148-18152	 	 | 95312
280) 	0 	 | 18152-18156	 	 | 95312
281) 	0 	 | 18156-18160	 	 | 95312
282) 	0 	 | 18160-18164	 	 | 95312
283) 	0 	 | 18164-18168	 	 | 95312
284) 	0 	 | 18168-18172	 	 | 95312
285) 	0 	 | 18172-18176	 	 | 95312
286) 	0 	 | 18176-18180	 	 | 95312
287) 	0 	 | 18180-18184	 	 | 95312
288) 	5152 	 | 18184-18731	 	 | 100464
289) 	1936 	 | 18731-19278	 	 | 102400
290) 	0 	 | 19278-19825	 	 | 102400
291) 	0 	 | 19825-20372	 	 | 102400
292) 	0 	 | 20372-20919	 	 | 102400
293) 	0 	 | 20919-21466	 	 | 102400
294) 	0 	 | 21466-22013	 	 | 102400
295) 	0 	 | 22013-22560	 	 | 102400
296) 	0 	 | 22560-23107	 	 | 102400
297) 	0 	 | 23107-23654	 	 | 102400
298) 	0 	 | 23654-24201	 	 | 102400
299) 	0 	 | 24201-24748	 	 | 102400
300) 	0 	 | 24748-25295	 	 | 102400
301) 	0 	 | 25295-25842	 	 | 102400
302) 	0 	 | 25842-26389	 	 | 102400
303) 	0 	 | 26389-26936	 	 | 102400
304) 	0 	 | 26936-27483	 	 | 102400
305) 	0 	 | 27483-28030	 	 | 102400
306) 	0 	 | 28030-28577	 	 | 102400
307) 	0 	 | 28577-29124	 	 | 102400
308) 	0 	 | 29124-29671	 	 | 102400
309) 	0 	 | 29671-30218	 	 | 102400
310) 	0 	 | 30218-30765	 	 | 102400
311) 	0 	 | 30765-31312	 	 | 102400
312) 	0 	 | 31312-31859	 	 | 102400
313) 	0 	 | 31859-32406	 	 | 102400
314) 	0 	 | 32406-32953	 	 | 102400
315) 	0 	 | 32953-33500	 	 | 102400
316) 	0 	 | 33500-34047	 	 | 102400
317) 	0 	 | 34047-34594	 	 | 102400
318) 	0 	 | 34594-35141	 	 | 102400
319) 	0 	 | 35141-35688	 	 | 102400
320) 	0 	 | 35688-36235	 	 | 102400
321) 	0 	 | 36235-36782	 	 | 102400
322) 	0 	 | 36782-37329	 	 | 102400
323) 	0 	 | 37329-37876	 	 | 102400
324) 	0 	 | 37876-38423	 	 | 102400
325) 	0 	 | 38423-38970	 	 | 102400
326) 	0 	 | 38970-39517	 	 | 102400
327) 	0 	 | 39517-40064	 	 | 102400
328) 	0 	 | 40064-40611	 	 | 102400
329) 	0 	 | 40611-41158	 	 | 102400
330) 	0 	 | 41158-41705	 	 | 102400
331) 	0 	 | 41705-42252	 	 | 102400
332) 	0 	 | 42252-42799	 	 | 102400
333) 	0 	 | 42799-43346	 	 | 102400
334) 	0 	 | 43346-43893	 	 | 102400
335) 	0 	 | 43893-44440	 	 | 102400
336) 	0 	 | 44440-44987	 	 | 102400
337) 	0 	 | 44987-45534	 	 | 102400
338) 	0 	 | 45534-46081	 	 | 102400
339) 	0 	 | 46081-46628	 	 | 102400
340) 	0 	 | 46628-47175	 	 | 102400
341) 	0 	 | 47175-47722	 	 | 102400
342) 	0 	 | 47722-48269	 	 | 102400
343) 	0 	 | 48269-48816	 	 | 102400
344) 	0 	 | 48816-49363	 	 | 102400
345) 	0 	 | 49363-49910	 	 | 102400
346) 	0 	 | 49910-50457	 	 | 102400
347) 	0 	 | 50457-51004	 	 | 102400
348) 	0 	 | 51004-51551	 	 | 102400
349) 	0 	 | 51551-52098	 	 | 102400
350) 	0 	 | 52098-52645	 	 | 102400
351) 	0 	 | 52645-53192	 	 | 102400
352) 	0 	 | 53192-53739	 	 | 102400
353) 	0 	 | 53739-54286	 	 | 102400
354) 	0 	 | 54286-54833	 	 | 102400
355) 	0 	 | 54833-55380	 	 | 102400
356) 	0 	 | 55380-55927	 	 | 102400
357) 	0 	 | 55927-56474	 	 | 102400
358) 	0 	 | 56474-57021	 	 | 102400
359) 	0 	 | 57021-57568	 	 | 102400
360) 	0 	 | 57568-58115	 	 | 102400
361) 	0 	 | 58115-58662	 	 | 102400
362) 	0 	 | 58662-59209	 	 | 102400
363) 	0 	 | 59209-59756	 	 | 102400
364) 	0 	 | 59756-60303	 	 | 102400
365) 	0 	 | 60303-60850	 	 | 102400
366) 	0 	 | 60850-61397	 	 | 102400
367) 	0 	 | 61397-61944	 	 | 102400
368) 	0 	 | 61944-62491	 	 | 102400
369) 	0 	 | 62491-63038	 	 | 102400
370) 	0 	 | 63038-63585	 	 | 102400
371) 	0 	 | 63585-64132	 	 | 102400
372) 	0 	 | 64132-64679	 	 | 102400
373) 	0 	 | 64679-65226	 	 | 102400
374) 	0 	 | 65226-65773	 	 | 102400
375) 	0 	 | 65773-66320	 	 | 102400
376) 	0 	 | 66320-66867	 	 | 102400
377) 	0 	 | 66867-67414	 	 | 102400
378) 	0 	 | 67414-67961	 	 | 102400
379) 	0 	 | 67961-68508	 	 | 102400
380) 	0 	 | 68508-69055	 	 | 102400
381) 	0 	 | 69055-69602	 	 | 102400
382) 	0 	 | 69602-70149	 	 | 102400
383) 	0 	 | 70149-70696	 	 | 102400
384) 	0 	 | 70696-71243	 	 | 102400
385) 	0 	 | 71243-71790	 	 | 102400
386) 	0 	 | 71790-72337	 	 | 102400
387) 	0 	 | 72337-72884	 	 | 102400
388) 	0 	 | 72884-73431	 	 | 102400
389) 	0 	 | 73431-73978	 	 | 102400
390) 	0 	 | 73978-74525	 	 | 102400
391) 	0 	 | 74525-75072	 	 | 102400
392) 	0 	 | 75072-75619	 	 | 102400
393) 	0 	 | 75619-76166	 	 | 102400
394) 	0 	 | 76166-76713	 	 | 102400
395) 	0 	 | 76713-77260	 	 | 102400
396) 	0 	 | 77260-77807	 	 | 102400
397) 	0 	 | 77807-78354	 	 | 102400
398) 	0 	 | 78354-78901	 	 | 102400
399) 	0 	 | 78901-80000	 	 | 102400

splitter=================
0) 	1000
1) 	1018
2) 	1114
3) 	1200
4) 	1215
5) 	1230
6) 	1320
7) 	1410
8) 	1440
9) 	1518
10) 	1600
11) 	1618
12) 	1714
13) 	1800
14) 	1815
15) 	1830
16) 	1920
17) 	2010
18) 	2040
19) 	2118
20) 	2200
21) 	2218
22) 	2240
23) 	2400
24) 	2418
25) 	2440
26) 	2600
27) 	2616
28) 	2628
29) 	2718
30) 	2800
31) 	2840
32) 	2916
33) 	3000
34) 	3018
35) 	3114
36) 	3200
37) 	3215
38) 	3230
39) 	3320
40) 	3410
41) 	3422
42) 	3512
43) 	3600
44) 	3620
45) 	3630
46) 	3720
47) 	3818
48) 	3840
49) 	3918
50) 	4000
51) 	4040
52) 	4118
53) 	4200
54) 	4218
55) 	4240
56) 	4400
57) 	4418
58) 	4440
59) 	4600
60) 	4612
61) 	4628
62) 	4718
63) 	4800
64) 	4824
65) 	5000
66) 	8000
67) 	8015
68) 	8030
69) 	8120
70) 	8210
71) 	8240
72) 	8318
73) 	8400
74) 	8418
75) 	8517
76) 	8600
77) 	8620
78) 	8630
79) 	8720
80) 	8810
81) 	8840
82) 	8918
83) 	9000
84) 	9040
85) 	9118
86) 	9200
87) 	9218
88) 	9240
89) 	9400
90) 	9415
91) 	9430
92) 	9520
93) 	9610
94) 	9640
95) 	9718
96) 	9800
97) 	9818
98) 	9914
99) 	10000
100) 	10015
101) 	10030
102) 	10120
103) 	10210
104) 	10240
105) 	10318
106) 	10400
107) 	10418
108) 	10517
109) 	10600
110) 	10620
111) 	10630
112) 	10720
113) 	10810
114) 	10840
115) 	10918
116) 	11000
117) 	11040
118) 	11118
119) 	11200
120) 	11218
121) 	11240
122) 	11400
123) 	11415
124) 	11430
125) 	11520
126) 	11610
127) 	11640
128) 	11718
129) 	11800
130) 	11820
131) 	12000
132) 	15000
133) 	15015
134) 	15030
135) 	15120
136) 	15210
137) 	15240
138) 	15318
139) 	15400
140) 	15418
141) 	15517
142) 	15600
143) 	15616
144) 	15628
145) 	15718
146) 	15800
147) 	15840
148) 	15920
149) 	16000
150) 	16040
151) 	16118
152) 	16200
153) 	16218
154) 	16240
155) 	16400
156) 	16415
157) 	16430
158) 	16520
159) 	16610
160) 	16640
161) 	16716
162) 	16800
163) 	16820
164) 	16910
165) 	16920
166) 	17018
167) 	17040
168) 	17118
169) 	17200
170) 	17218
171) 	17317
172) 	17400
173) 	17418
174) 	17440
175) 	17600
176) 	17616
177) 	17628
178) 	17718
179) 	17800
180) 	17840
181) 	17918
182) 	18000
183) 	18040
184) 	18116
185) 	18200
186) 	18215
187) 	18230
188) 	18320
189) 	18411
190) 	18440
191) 	18518
192) 	18600
193) 	18618
194) 	18717
195) 	18800
196) 	-1
197) 	-1
198) 	-1
199) 	19000
