0) 	0 	 | -1-198	 	 | 0
1) 	0 	 | 198-397	 	 | 0
2) 	0 	 | 397-596	 	 | 0
3) 	0 	 | 596-795	 	 | 0
4) 	552 	 | 795-994	 	 | 552
5) 	1656 	 | 994-1193	 	 | 2208
6) 	1656 	 | 1193-1392	 	 | 3864
7) 	1656 	 | 1392-1591	 	 | 5520
8) 	1840 	 | 1591-1790	 	 | 7360
9) 	1656 	 | 1790-1989	 	 | 9016
10) 	1656 	 | 1989-2188	 	 | 10672
11) 	1656 	 | 2188-2387	 	 | 12328
12) 	1656 	 | 2387-2586	 	 | 13984
13) 	1840 	 | 2586-2785	 	 | 15824
14) 	1656 	 | 2785-2984	 	 | 17480
15) 	1656 	 | 2984-3183	 	 | 19136
16) 	1656 	 | 3183-3382	 	 | 20792
17) 	1656 	 | 3382-3581	 	 | 22448
18) 	1840 	 | 3581-3780	 	 | 24288
19) 	1656 	 | 3780-3979	 	 | 25944
20) 	1656 	 | 3979-4178	 	 | 27600
21) 	1656 	 | 4178-4377	 	 | 29256
22) 	1656 	 | 4377-4576	 	 | 30912
23) 	1840 	 | 4576-4775	 	 | 32752
24) 	1104 	 | 4775-4974	 	 | 33856
25) 	0 	 | 4974-5173	 	 | 33856
26) 	0 	 | 5173-5372	 	 | 33856
27) 	0 	 | 5372-5571	 	 | 33856
28) 	0 	 | 5571-5770	 	 | 33856
29) 	0 	 | 5770-5969	 	 | 33856
30) 	0 	 | 5969-6168	 	 | 33856
31) 	0 	 | 6168-6367	 	 | 33856
32) 	0 	 | 6367-6566	 	 | 33856
33) 	0 	 | 6566-6765	 	 | 33856
34) 	0 	 | 6765-6964	 	 | 33856
35) 	0 	 | 6964-7163	 	 | 33856
36) 	0 	 | 7163-7362	 	 | 33856
37) 	0 	 | 7362-7561	 	 | 33856
38) 	0 	 | 7561-7760	 	 | 33856
39) 	552 	 | 7760-7959	 	 | 34408
40) 	1656 	 | 7959-8158	 	 | 36064
41) 	1656 	 | 8158-8357	 	 | 37720
42) 	1656 	 | 8357-8556	 	 | 39376
43) 	1840 	 | 8556-8755	 	 | 41216
44) 	1656 	 | 8755-8954	 	 | 42872
45) 	1656 	 | 8954-9153	 	 | 44528
46) 	1656 	 | 9153-9352	 	 | 46184
47) 	1656 	 | 9352-9551	 	 | 47840
48) 	1840 	 | 9551-9750	 	 | 49680
49) 	1656 	 | 9750-9949	 	 | 51336
50) 	1656 	 | 9949-10148	 	 | 52992
51) 	1656 	 | 10148-10347	 	 | 54648
52) 	1656 	 | 10347-10546	 	 | 56304
53) 	1840 	 | 10546-10745	 	 | 58144
54) 	1656 	 | 10745-10944	 	 | 59800
55) 	1656 	 | 10944-11143	 	 | 61456
56) 	1656 	 | 11143-11342	 	 | 63112
57) 	1656 	 | 11342-11541	 	 | 64768
58) 	1840 	 | 11541-11740	 	 | 66608
59) 	1104 	 | 11740-11939	 	 | 67712
60) 	0 	 | 11939-12138	 	 | 67712
61) 	0 	 | 12138-12337	 	 | 67712
62) 	0 	 | 12337-12536	 	 | 67712
63) 	0 	 | 12536-12735	 	 | 67712
64) 	0 	 | 12735-12934	 	 | 67712
65) 	0 	 | 12934-13133	 	 | 67712
66) 	0 	 | 13133-13332	 	 | 67712
67) 	0 	 | 13332-13531	 	 | 67712
68) 	0 	 | 13531-13730	 	 | 67712
69) 	0 	 | 13730-13929	 	 | 67712
70) 	0 	 | 13929-14128	 	 | 67712
71) 	0 	 | 14128-14327	 	 | 67712
72) 	0 	 | 14327-14526	 	 | 67712
73) 	0 	 | 14526-14725	 	 | 67712
74) 	537 	 | 14725-14924	 	 | 68249
75) 	1586 	 | 14924-15123	 	 | 69835
76) 	1629 	 | 15123-15322	 	 | 71464
77) 	1608 	 | 15322-15521	 	 | 73072
78) 	1745 	 | 15521-15720	 	 | 74817
79) 	1596 	 | 15720-15919	 	 | 76413
80) 	1601 	 | 15919-16118	 	 | 78014
81) 	1682 	 | 16118-16317	 	 | 79696
82) 	1612 	 | 16317-16516	 	 | 81308
83) 	1683 	 | 16516-16715	 	 | 82991
84) 	1601 	 | 16715-16914	 	 | 84592
85) 	1596 	 | 16914-17113	 	 | 86188
86) 	1744 	 | 17113-17312	 	 | 87932
87) 	1608 	 | 17312-17511	 	 | 89540
88) 	1630 	 | 17511-17710	 	 | 91170
89) 	1596 	 | 17710-17909	 	 | 92766
90) 	1626 	 | 17909-18108	 	 | 94392
91) 	1840 	 | 18108-18307	 	 | 96232
92) 	1656 	 | 18307-18506	 	 | 97888
93) 	1656 	 | 18506-18705	 	 | 99544
94) 	1656 	 | 18705-18904	 	 | 101200
95) 	1200 	 | 18904-19103	 	 | 102400
96) 	0 	 | 19103-19302	 	 | 102400
97) 	0 	 | 19302-19501	 	 | 102400
98) 	0 	 | 19501-19700	 	 | 102400
99) 	0 	 | 19700-19899	 	 | 102400
100) 	0 	 | 19899-20098	 	 | 102400
101) 	0 	 | 20098-20297	 	 | 102400
102) 	0 	 | 20297-20496	 	 | 102400
103) 	0 	 | 20496-20695	 	 | 102400
104) 	0 	 | 20695-20894	 	 | 102400
105) 	0 	 | 20894-21093	 	 | 102400
106) 	0 	 | 21093-21292	 	 | 102400
107) 	0 	 | 21292-21491	 	 | 102400
108) 	0 	 | 21491-21690	 	 | 102400
109) 	0 	 | 21690-21889	 	 | 102400
110) 	0 	 | 21889-22088	 	 | 102400
111) 	0 	 | 22088-22287	 	 | 102400
112) 	0 	 | 22287-22486	 	 | 102400
113) 	0 	 | 22486-22685	 	 | 102400
114) 	0 	 | 22685-22884	 	 | 102400
115) 	0 	 | 22884-23083	 	 | 102400
116) 	0 	 | 23083-23282	 	 | 102400
117) 	0 	 | 23282-23481	 	 | 102400
118) 	0 	 | 23481-23680	 	 | 102400
119) 	0 	 | 23680-23879	 	 | 102400
120) 	0 	 | 23879-24078	 	 | 102400
121) 	0 	 | 24078-24277	 	 | 102400
122) 	0 	 | 24277-24476	 	 | 102400
123) 	0 	 | 24476-24675	 	 | 102400
124) 	0 	 | 24675-24874	 	 | 102400
125) 	0 	 | 24874-25073	 	 | 102400
126) 	0 	 | 25073-25272	 	 | 102400
127) 	0 	 | 25272-25471	 	 | 102400
128) 	0 	 | 25471-25670	 	 | 102400
129) 	0 	 | 25670-25869	 	 | 102400
130) 	0 	 | 25869-26068	 	 | 102400
131) 	0 	 | 26068-26267	 	 | 102400
132) 	0 	 | 26267-26466	 	 | 102400
133) 	0 	 | 26466-26665	 	 | 102400
134) 	0 	 | 26665-26864	 	 | 102400
135) 	0 	 | 26864-27063	 	 | 102400
136) 	0 	 | 27063-27262	 	 | 102400
137) 	0 	 | 27262-27461	 	 | 102400
138) 	0 	 | 27461-27660	 	 | 102400
139) 	0 	 | 27660-27859	 	 | 102400
140) 	0 	 | 27859-28058	 	 | 102400
141) 	0 	 | 28058-28257	 	 | 102400
142) 	0 	 | 28257-28456	 	 | 102400
143) 	0 	 | 28456-28655	 	 | 102400
144) 	0 	 | 28655-28854	 	 | 102400
145) 	0 	 | 28854-29053	 	 | 102400
146) 	0 	 | 29053-29252	 	 | 102400
147) 	0 	 | 29252-29451	 	 | 102400
148) 	0 	 | 29451-29650	 	 | 102400
149) 	0 	 | 29650-29849	 	 | 102400
150) 	0 	 | 29849-30048	 	 | 102400
151) 	0 	 | 30048-30247	 	 | 102400
152) 	0 	 | 30247-30446	 	 | 102400
153) 	0 	 | 30446-30645	 	 | 102400
154) 	0 	 | 30645-30844	 	 | 102400
155) 	0 	 | 30844-31043	 	 | 102400
156) 	0 	 | 31043-31242	 	 | 102400
157) 	0 	 | 31242-31441	 	 | 102400
158) 	0 	 | 31441-31640	 	 | 102400
159) 	0 	 | 31640-31839	 	 | 102400
160) 	0 	 | 31839-32038	 	 | 102400
161) 	0 	 | 32038-32237	 	 | 102400
162) 	0 	 | 32237-32436	 	 | 102400
163) 	0 	 | 32436-32635	 	 | 102400
164) 	0 	 | 32635-32834	 	 | 102400
165) 	0 	 | 32834-33033	 	 | 102400
166) 	0 	 | 33033-33232	 	 | 102400
167) 	0 	 | 33232-33431	 	 | 102400
168) 	0 	 | 33431-33630	 	 | 102400
169) 	0 	 | 33630-33829	 	 | 102400
170) 	0 	 | 33829-34028	 	 | 102400
171) 	0 	 | 34028-34227	 	 | 102400
172) 	0 	 | 34227-34426	 	 | 102400
173) 	0 	 | 34426-34625	 	 | 102400
174) 	0 	 | 34625-34824	 	 | 102400
175) 	0 	 | 34824-35023	 	 | 102400
176) 	0 	 | 35023-35222	 	 | 102400
177) 	0 	 | 35222-35421	 	 | 102400
178) 	0 	 | 35421-35620	 	 | 102400
179) 	0 	 | 35620-35819	 	 | 102400
180) 	0 	 | 35819-36018	 	 | 102400
181) 	0 	 | 36018-36217	 	 | 102400
182) 	0 	 | 36217-36416	 	 | 102400
183) 	0 	 | 36416-36615	 	 | 102400
184) 	0 	 | 36615-36814	 	 | 102400
185) 	0 	 | 36814-37013	 	 | 102400
186) 	0 	 | 37013-37212	 	 | 102400
187) 	0 	 | 37212-37411	 	 | 102400
188) 	0 	 | 37411-37610	 	 | 102400
189) 	0 	 | 37610-37809	 	 | 102400
190) 	0 	 | 37809-38008	 	 | 102400
191) 	0 	 | 38008-38207	 	 | 102400
192) 	0 	 | 38207-38406	 	 | 102400
193) 	0 	 | 38406-38605	 	 | 102400
194) 	0 	 | 38605-38804	 	 | 102400
195) 	0 	 | 38804-39003	 	 | 102400
196) 	0 	 | 39003-39202	 	 | 102400
197) 	0 	 | 39202-39401	 	 | 102400
198) 	0 	 | 39401-39600	 	 | 102400
199) 	0 	 | 39600-39799	 	 | 102400
200) 	0 	 | 39799-39998	 	 | 102400
201) 	0 	 | 39998-40197	 	 | 102400
202) 	0 	 | 40197-40396	 	 | 102400
203) 	0 	 | 40396-40595	 	 | 102400
204) 	0 	 | 40595-40794	 	 | 102400
205) 	0 	 | 40794-40993	 	 | 102400
206) 	0 	 | 40993-41192	 	 | 102400
207) 	0 	 | 41192-41391	 	 | 102400
208) 	0 	 | 41391-41590	 	 | 102400
209) 	0 	 | 41590-41789	 	 | 102400
210) 	0 	 | 41789-41988	 	 | 102400
211) 	0 	 | 41988-42187	 	 | 102400
212) 	0 	 | 42187-42386	 	 | 102400
213) 	0 	 | 42386-42585	 	 | 102400
214) 	0 	 | 42585-42784	 	 | 102400
215) 	0 	 | 42784-42983	 	 | 102400
216) 	0 	 | 42983-43182	 	 | 102400
217) 	0 	 | 43182-43381	 	 | 102400
218) 	0 	 | 43381-43580	 	 | 102400
219) 	0 	 | 43580-43779	 	 | 102400
220) 	0 	 | 43779-43978	 	 | 102400
221) 	0 	 | 43978-44177	 	 | 102400
222) 	0 	 | 44177-44376	 	 | 102400
223) 	0 	 | 44376-44575	 	 | 102400
224) 	0 	 | 44575-44774	 	 | 102400
225) 	0 	 | 44774-44973	 	 | 102400
226) 	0 	 | 44973-45172	 	 | 102400
227) 	0 	 | 45172-45371	 	 | 102400
228) 	0 	 | 45371-45570	 	 | 102400
229) 	0 	 | 45570-45769	 	 | 102400
230) 	0 	 | 45769-45968	 	 | 102400
231) 	0 	 | 45968-46167	 	 | 102400
232) 	0 	 | 46167-46366	 	 | 102400
233) 	0 	 | 46366-46565	 	 | 102400
234) 	0 	 | 46565-46764	 	 | 102400
235) 	0 	 | 46764-46963	 	 | 102400
236) 	0 	 | 46963-47162	 	 | 102400
237) 	0 	 | 47162-47361	 	 | 102400
238) 	0 	 | 47361-47560	 	 | 102400
239) 	0 	 | 47560-47759	 	 | 102400
240) 	0 	 | 47759-47958	 	 | 102400
241) 	0 	 | 47958-48157	 	 | 102400
242) 	0 	 | 48157-48356	 	 | 102400
243) 	0 	 | 48356-48555	 	 | 102400
244) 	0 	 | 48555-48754	 	 | 102400
245) 	0 	 | 48754-48953	 	 | 102400
246) 	0 	 | 48953-49152	 	 | 102400
247) 	0 	 | 49152-49351	 	 | 102400
248) 	0 	 | 49351-49550	 	 | 102400
249) 	0 	 | 49550-49749	 	 | 102400
250) 	0 	 | 49749-49948	 	 | 102400
251) 	0 	 | 49948-50147	 	 | 102400
252) 	0 	 | 50147-50346	 	 | 102400
253) 	0 	 | 50346-50545	 	 | 102400
254) 	0 	 | 50545-50744	 	 | 102400
255) 	0 	 | 50744-50943	 	 | 102400
256) 	0 	 | 50943-51142	 	 | 102400
257) 	0 	 | 51142-51341	 	 | 102400
258) 	0 	 | 51341-51540	 	 | 102400
259) 	0 	 | 51540-51739	 	 | 102400
260) 	0 	 | 51739-51938	 	 | 102400
261) 	0 	 | 51938-52137	 	 | 102400
262) 	0 	 | 52137-52336	 	 | 102400
263) 	0 	 | 52336-52535	 	 | 102400
264) 	0 	 | 52535-52734	 	 | 102400
265) 	0 	 | 52734-52933	 	 | 102400
266) 	0 	 | 52933-53132	 	 | 102400
267) 	0 	 | 53132-53331	 	 | 102400
268) 	0 	 | 53331-53530	 	 | 102400
269) 	0 	 | 53530-53729	 	 | 102400
270) 	0 	 | 53729-53928	 	 | 102400
271) 	0 	 | 53928-54127	 	 | 102400
272) 	0 	 | 54127-54326	 	 | 102400
273) 	0 	 | 54326-54525	 	 | 102400
274) 	0 	 | 54525-54724	 	 | 102400
275) 	0 	 | 54724-54923	 	 | 102400
276) 	0 	 | 54923-55122	 	 | 102400
277) 	0 	 | 55122-55321	 	 | 102400
278) 	0 	 | 55321-55520	 	 | 102400
279) 	0 	 | 55520-55719	 	 | 102400
280) 	0 	 | 55719-55918	 	 | 102400
281) 	0 	 | 55918-56117	 	 | 102400
282) 	0 	 | 56117-56316	 	 | 102400
283) 	0 	 | 56316-56515	 	 | 102400
284) 	0 	 | 56515-56714	 	 | 102400
285) 	0 	 | 56714-56913	 	 | 102400
286) 	0 	 | 56913-57112	 	 | 102400
287) 	0 	 | 57112-57311	 	 | 102400
288) 	0 	 | 57311-57510	 	 | 102400
289) 	0 	 | 57510-57709	 	 | 102400
290) 	0 	 | 57709-57908	 	 | 102400
291) 	0 	 | 57908-58107	 	 | 102400
292) 	0 	 | 58107-58306	 	 | 102400
293) 	0 	 | 58306-58505	 	 | 102400
294) 	0 	 | 58505-58704	 	 | 102400
295) 	0 	 | 58704-58903	 	 | 102400
296) 	0 	 | 58903-59102	 	 | 102400
297) 	0 	 | 59102-59301	 	 | 102400
298) 	0 	 | 59301-59500	 	 | 102400
299) 	0 	 | 59500-59699	 	 | 102400
300) 	0 	 | 59699-59898	 	 | 102400
301) 	0 	 | 59898-60097	 	 | 102400
302) 	0 	 | 60097-60296	 	 | 102400
303) 	0 	 | 60296-60495	 	 | 102400
304) 	0 	 | 60495-60694	 	 | 102400
305) 	0 	 | 60694-60893	 	 | 102400
306) 	0 	 | 60893-61092	 	 | 102400
307) 	0 	 | 61092-61291	 	 | 102400
308) 	0 	 | 61291-61490	 	 | 102400
309) 	0 	 | 61490-61689	 	 | 102400
310) 	0 	 | 61689-61888	 	 | 102400
311) 	0 	 | 61888-62087	 	 | 102400
312) 	0 	 | 62087-62286	 	 | 102400
313) 	0 	 | 62286-62485	 	 | 102400
314) 	0 	 | 62485-62684	 	 | 102400
315) 	0 	 | 62684-62883	 	 | 102400
316) 	0 	 | 62883-63082	 	 | 102400
317) 	0 	 | 63082-63281	 	 | 102400
318) 	0 	 | 63281-63480	 	 | 102400
319) 	0 	 | 63480-63679	 	 | 102400
320) 	0 	 | 63679-63878	 	 | 102400
321) 	0 	 | 63878-64077	 	 | 102400
322) 	0 	 | 64077-64276	 	 | 102400
323) 	0 	 | 64276-64475	 	 | 102400
324) 	0 	 | 64475-64674	 	 | 102400
325) 	0 	 | 64674-64873	 	 | 102400
326) 	0 	 | 64873-65072	 	 | 102400
327) 	0 	 | 65072-65271	 	 | 102400
328) 	0 	 | 65271-65470	 	 | 102400
329) 	0 	 | 65470-65669	 	 | 102400
330) 	0 	 | 65669-65868	 	 | 102400
331) 	0 	 | 65868-66067	 	 | 102400
332) 	0 	 | 66067-66266	 	 | 102400
333) 	0 	 | 66266-66465	 	 | 102400
334) 	0 	 | 66465-66664	 	 | 102400
335) 	0 	 | 66664-66863	 	 | 102400
336) 	0 	 | 66863-67062	 	 | 102400
337) 	0 	 | 67062-67261	 	 | 102400
338) 	0 	 | 67261-67460	 	 | 102400
339) 	0 	 | 67460-67659	 	 | 102400
340) 	0 	 | 67659-67858	 	 | 102400
341) 	0 	 | 67858-68057	 	 | 102400
342) 	0 	 | 68057-68256	 	 | 102400
343) 	0 	 | 68256-68455	 	 | 102400
344) 	0 	 | 68455-68654	 	 | 102400
345) 	0 	 | 68654-68853	 	 | 102400
346) 	0 	 | 68853-69052	 	 | 102400
347) 	0 	 | 69052-69251	 	 | 102400
348) 	0 	 | 69251-69450	 	 | 102400
349) 	0 	 | 69450-69649	 	 | 102400
350) 	0 	 | 69649-69848	 	 | 102400
351) 	0 	 | 69848-70047	 	 | 102400
352) 	0 	 | 70047-70246	 	 | 102400
353) 	0 	 | 70246-70445	 	 | 102400
354) 	0 	 | 70445-70644	 	 | 102400
355) 	0 	 | 70644-70843	 	 | 102400
356) 	0 	 | 70843-71042	 	 | 102400
357) 	0 	 | 71042-71241	 	 | 102400
358) 	0 	 | 71241-71440	 	 | 102400
359) 	0 	 | 71440-71639	 	 | 102400
360) 	0 	 | 71639-71838	 	 | 102400
361) 	0 	 | 71838-72037	 	 | 102400
362) 	0 	 | 72037-72236	 	 | 102400
363) 	0 	 | 72236-72435	 	 | 102400
364) 	0 	 | 72435-72634	 	 | 102400
365) 	0 	 | 72634-72833	 	 | 102400
366) 	0 	 | 72833-73032	 	 | 102400
367) 	0 	 | 73032-73231	 	 | 102400
368) 	0 	 | 73231-73430	 	 | 102400
369) 	0 	 | 73430-73629	 	 | 102400
370) 	0 	 | 73629-73828	 	 | 102400
371) 	0 	 | 73828-74027	 	 | 102400
372) 	0 	 | 74027-74226	 	 | 102400
373) 	0 	 | 74226-74425	 	 | 102400
374) 	0 	 | 74425-74624	 	 | 102400
375) 	0 	 | 74624-74823	 	 | 102400
376) 	0 	 | 74823-75022	 	 | 102400
377) 	0 	 | 75022-75221	 	 | 102400
378) 	0 	 | 75221-75420	 	 | 102400
379) 	0 	 | 75420-75619	 	 | 102400
380) 	0 	 | 75619-75818	 	 | 102400
381) 	0 	 | 75818-76017	 	 | 102400
382) 	0 	 | 76017-76216	 	 | 102400
383) 	0 	 | 76216-76415	 	 | 102400
384) 	0 	 | 76415-76614	 	 | 102400
385) 	0 	 | 76614-76813	 	 | 102400
386) 	0 	 | 76813-77012	 	 | 102400
387) 	0 	 | 77012-77211	 	 | 102400
388) 	0 	 | 77211-77410	 	 | 102400
389) 	0 	 | 77410-77609	 	 | 102400
390) 	0 	 | 77609-77808	 	 | 102400
391) 	0 	 | 77808-78007	 	 | 102400
392) 	0 	 | 78007-78206	 	 | 102400
393) 	0 	 | 78206-78405	 	 | 102400
394) 	0 	 | 78405-78604	 	 | 102400
395) 	0 	 | 78604-78803	 	 | 102400
396) 	0 	 | 78803-79002	 	 | 102400
397) 	0 	 | 79002-79201	 	 | 102400
398) 	0 	 | 79201-79400	 	 | 102400
399) 	0 	 | 79400-80000	 	 | 102400

splitter=================
0) 	1000
1) 	1018
2) 	1114
3) 	1200
4) 	1215
5) 	1230
6) 	1320
7) 	1410
8) 	1440
9) 	1518
10) 	1600
11) 	1618
12) 	1714
13) 	1800
14) 	1815
15) 	1830
16) 	1920
17) 	2010
18) 	2040
19) 	2118
20) 	2200
21) 	2218
22) 	2240
23) 	2400
24) 	2418
25) 	2440
26) 	2600
27) 	2616
28) 	2628
29) 	2718
30) 	2800
31) 	2840
32) 	2916
33) 	3000
34) 	3018
35) 	3114
36) 	3200
37) 	3215
38) 	3230
39) 	3320
40) 	3410
41) 	3422
42) 	3512
43) 	3600
44) 	3620
45) 	3630
46) 	3720
47) 	3818
48) 	3840
49) 	3918
50) 	4000
51) 	4040
52) 	4118
53) 	4200
54) 	4218
55) 	4240
56) 	4400
57) 	4418
58) 	4440
59) 	4600
60) 	4612
61) 	4628
62) 	4718
63) 	4800
64) 	4824
65) 	5000
66) 	8000
67) 	8015
68) 	8030
69) 	8120
70) 	8210
71) 	8240
72) 	8318
73) 	8400
74) 	8418
75) 	8517
76) 	8600
77) 	8620
78) 	8630
79) 	8720
80) 	8810
81) 	8840
82) 	8918
83) 	9000
84) 	9040
85) 	9118
86) 	9200
87) 	9218
88) 	9240
89) 	9400
90) 	9415
91) 	9430
92) 	9520
93) 	9610
94) 	9640
95) 	9718
96) 	9800
97) 	9818
98) 	9914
99) 	10000
100) 	10015
101) 	10030
102) 	10120
103) 	10210
104) 	10240
105) 	10318
106) 	10400
107) 	10418
108) 	10517
109) 	10600
110) 	10620
111) 	10630
112) 	10720
113) 	10810
114) 	10840
115) 	10918
116) 	11000
117) 	11040
118) 	11118
119) 	11200
120) 	11218
121) 	11240
122) 	11400
123) 	11415
124) 	11430
125) 	11520
126) 	11610
127) 	11640
128) 	11718
129) 	11800
130) 	11820
131) 	12000
132) 	15000
133) 	15015
134) 	15030
135) 	15120
136) 	15210
137) 	15240
138) 	15318
139) 	15400
140) 	15418
141) 	15517
142) 	15600
143) 	15616
144) 	15628
145) 	15718
146) 	15800
147) 	15840
148) 	15920
149) 	16000
150) 	16040
151) 	16118
152) 	16200
153) 	16218
154) 	16240
155) 	16400
156) 	16415
157) 	16430
158) 	16520
159) 	16610
160) 	16640
161) 	16716
162) 	16800
163) 	16820
164) 	16910
165) 	16920
166) 	17018
167) 	17040
168) 	17118
169) 	17200
170) 	17218
171) 	17317
172) 	17400
173) 	17418
174) 	17440
175) 	17600
176) 	17616
177) 	17628
178) 	17718
179) 	17800
180) 	17840
181) 	17918
182) 	18000
183) 	18040
184) 	18116
185) 	18200
186) 	18215
187) 	18230
188) 	18320
189) 	18411
190) 	18440
191) 	18518
192) 	18600
193) 	18618
194) 	18717
195) 	18800
196) 	-1
197) 	18904
198) 	-1
199) 	19000
