0) 	1176 	 | 1000-1000	 	 | 1176
1) 	112 	 | 1018-1018	 	 | 1288
2) 	0 	 | 1114-1114	 	 | 1288
3) 	0 	 | 1200-1200	 	 | 1288
4) 	0 	 | 1215-1215	 	 | 1288
5) 	0 	 | 1230-1230	 	 | 1288
6) 	0 	 | 1320-1320	 	 | 1288
7) 	0 	 | 1410-1410	 	 | 1288
8) 	0 	 | 1440-1440	 	 | 1288
9) 	0 	 | 1518-1518	 	 | 1288
10) 	0 	 | 1600-1600	 	 | 1288
11) 	0 	 | 1618-1618	 	 | 1288
12) 	0 	 | 1714-1714	 	 | 1288
13) 	0 	 | 1800-1800	 	 | 1288
14) 	0 	 | 1815-1815	 	 | 1288
15) 	0 	 | 1830-1830	 	 | 1288
16) 	0 	 | 1920-1920	 	 | 1288
17) 	0 	 | 2010-2010	 	 | 1288
18) 	0 	 | 2040-2040	 	 | 1288
19) 	0 	 | 2118-2118	 	 | 1288
20) 	0 	 | 2200-2200	 	 | 1288
21) 	0 	 | 2218-2218	 	 | 1288
22) 	90 	 | 2240-2240	 	 | 1378
23) 	230 	 | 2400-2400	 	 | 1608
24) 	230 	 | 2418-2418	 	 | 1838
25) 	230 	 | 2440-2440	 	 | 2068
26) 	140 	 | 2600-2600	 	 | 2208
27) 	0 	 | 2616-2616	 	 | 2208
28) 	0 	 | 2628-2628	 	 | 2208
29) 	0 	 | 2718-2718	 	 | 2208
30) 	0 	 | 2800-2800	 	 | 2208
31) 	0 	 | 2840-2840	 	 | 2208
32) 	0 	 | 2916-2916	 	 | 2208
33) 	0 	 | 3000-3000	 	 | 2208
34) 	0 	 | 3018-3018	 	 | 2208
35) 	0 	 | 3114-3114	 	 | 2208
36) 	4092 	 | 3200-3200	 	 | 6300
37) 	140 	 | 3215-3215	 	 | 6440
38) 	0 	 | 3230-3230	 	 | 6440
39) 	0 	 | 3320-3320	 	 | 6440
40) 	0 	 | 3410-3410	 	 | 6440
41) 	0 	 | 3422-3422	 	 | 6440
42) 	0 	 | 3512-3512	 	 | 6440
43) 	0 	 | 3600-3600	 	 | 6440
44) 	0 	 | 3620-3620	 	 | 6440
45) 	0 	 | 3630-3630	 	 | 6440
46) 	0 	 | 3720-3720	 	 | 6440
47) 	0 	 | 3818-3818	 	 | 6440
48) 	0 	 | 3840-3840	 	 | 6440
49) 	0 	 | 3918-3918	 	 | 6440
50) 	0 	 | 4000-4000	 	 | 6440
51) 	0 	 | 4040-4040	 	 | 6440
52) 	0 	 | 4118-4118	 	 | 6440
53) 	0 	 | 4200-4200	 	 | 6440
54) 	0 	 | 4218-4218	 	 | 6440
55) 	0 	 | 4240-4240	 	 | 6440
56) 	0 	 | 4400-4400	 	 | 6440
57) 	0 	 | 4418-4418	 	 | 6440
58) 	90 	 | 4440-4440	 	 | 6530
59) 	230 	 | 4600-4600	 	 | 6760
60) 	230 	 | 4612-4612	 	 | 6990
61) 	230 	 | 4628-4628	 	 | 7220
62) 	140 	 | 4718-4718	 	 | 7360
63) 	0 	 | 4800-4800	 	 | 7360
64) 	0 	 | 4824-4824	 	 | 7360
65) 	0 	 | 5000-5000	 	 | 7360
66) 	0 	 | 8000-8000	 	 | 7360
67) 	0 	 | 8015-8015	 	 | 7360
68) 	0 	 | 8030-8030	 	 | 7360
69) 	0 	 | 8120-8120	 	 | 7360
70) 	0 	 | 8210-8210	 	 | 7360
71) 	0 	 | 8240-8240	 	 | 7360
72) 	9200 	 | 8318-8318	 	 | 16560
73) 	0 	 | 8400-8400	 	 | 16560
74) 	0 	 | 8418-8418	 	 | 16560
75) 	0 	 | 8517-8517	 	 | 16560
76) 	0 	 | 8600-8600	 	 | 16560
77) 	0 	 | 8620-8620	 	 | 16560
78) 	0 	 | 8630-8630	 	 | 16560
79) 	0 	 | 8720-8720	 	 | 16560
80) 	0 	 | 8810-8810	 	 | 16560
81) 	0 	 | 8840-8840	 	 | 16560
82) 	0 	 | 8918-8918	 	 | 16560
83) 	0 	 | 9000-9000	 	 | 16560
84) 	0 	 | 9040-9040	 	 | 16560
85) 	0 	 | 9118-9118	 	 | 16560
86) 	0 	 | 9200-9200	 	 | 16560
87) 	0 	 | 9218-9218	 	 | 16560
88) 	0 	 | 9240-9240	 	 | 16560
89) 	205 	 | 9400-9400	 	 | 16765
90) 	230 	 | 9415-9415	 	 | 16995
91) 	230 	 | 9430-9430	 	 | 17225
92) 	230 	 | 9520-9520	 	 | 17455
93) 	25 	 | 9610-9610	 	 | 17480
94) 	0 	 | 9640-9640	 	 | 17480
95) 	0 	 | 9718-9718	 	 | 17480
96) 	0 	 | 9800-9800	 	 | 17480
97) 	0 	 | 9818-9818	 	 | 17480
98) 	0 	 | 9914-9914	 	 | 17480
99) 	0 	 | 10000-10000	 	 | 17480
100) 	0 	 | 10015-10015	 	 | 17480
101) 	0 	 | 10030-10030	 	 | 17480
102) 	0 	 | 10120-10120	 	 | 17480
103) 	0 	 | 10210-10210	 	 | 17480
104) 	0 	 | 10240-10240	 	 | 17480
105) 	0 	 | 10318-10318	 	 | 17480
106) 	0 	 | 10400-10400	 	 | 17480
107) 	0 	 | 10418-10418	 	 | 17480
108) 	624 	 | 10517-10517	 	 | 18104
109) 	112 	 | 10600-10600	 	 | 18216
110) 	0 	 | 10620-10620	 	 | 18216
111) 	0 	 | 10630-10630	 	 | 18216
112) 	0 	 | 10720-10720	 	 | 18216
113) 	0 	 | 10810-10810	 	 | 18216
114) 	0 	 | 10840-10840	 	 | 18216
115) 	0 	 | 10918-10918	 	 | 18216
116) 	0 	 | 11000-11000	 	 | 18216
117) 	0 	 | 11040-11040	 	 | 18216
118) 	0 	 | 11118-11118	 	 | 18216
119) 	0 	 | 11200-11200	 	 | 18216
120) 	0 	 | 11218-11218	 	 | 18216
121) 	0 	 | 11240-11240	 	 | 18216
122) 	0 	 | 11400-11400	 	 | 18216
123) 	0 	 | 11415-11415	 	 | 18216
124) 	0 	 | 11430-11430	 	 | 18216
125) 	0 	 | 11520-11520	 	 | 18216
126) 	0 	 | 11610-11610	 	 | 18216
127) 	0 	 | 11640-11640	 	 | 18216
128) 	0 	 | 11718-11718	 	 | 18216
129) 	0 	 | 11800-11800	 	 | 18216
130) 	90 	 | 11820-11820	 	 | 18306
131) 	230 	 | 12000-12000	 	 | 18536
132) 	230 	 | 15000-15000	 	 | 18766
133) 	230 	 | 15015-15015	 	 | 18996
134) 	140 	 | 15030-15030	 	 | 19136
135) 	0 	 | 15120-15120	 	 | 19136
136) 	0 	 | 15210-15210	 	 | 19136
137) 	0 	 | 15240-15240	 	 | 19136
138) 	0 	 | 15318-15318	 	 | 19136
139) 	0 	 | 15400-15400	 	 | 19136
140) 	0 	 | 15418-15418	 	 | 19136
141) 	0 	 | 15517-15517	 	 | 19136
142) 	0 	 | 15600-15600	 	 | 19136
143) 	0 	 | 15616-15616	 	 | 19136
144) 	31168 	 | 15628-15628	 	 | 50304
145) 	112 	 | 15718-15718	 	 | 50416
146) 	0 	 | 15800-15800	 	 | 50416
147) 	0 	 | 15840-15840	 	 | 50416
148) 	0 	 | 15920-15920	 	 | 50416
149) 	0 	 | 16000-16000	 	 | 50416
150) 	0 	 | 16040-16040	 	 | 50416
151) 	0 	 | 16118-16118	 	 | 50416
152) 	0 	 | 16200-16200	 	 | 50416
153) 	0 	 | 16218-16218	 	 | 50416
154) 	0 	 | 16240-16240	 	 | 50416
155) 	0 	 | 16400-16400	 	 | 50416
156) 	0 	 | 16415-16415	 	 | 50416
157) 	0 	 | 16430-16430	 	 | 50416
158) 	0 	 | 16520-16520	 	 | 50416
159) 	0 	 | 16610-16610	 	 | 50416
160) 	0 	 | 16640-16640	 	 | 50416
161) 	0 	 | 16716-16716	 	 | 50416
162) 	0 	 | 16800-16800	 	 | 50416
163) 	0 	 | 16820-16820	 	 | 50416
164) 	0 	 | 16910-16910	 	 | 50416
165) 	0 	 | 16920-16920	 	 | 50416
166) 	90 	 | 17018-17018	 	 | 50506
167) 	230 	 | 17040-17040	 	 | 50736
168) 	230 	 | 17118-17118	 	 | 50966
169) 	230 	 | 17200-17200	 	 | 51196
170) 	140 	 | 17218-17218	 	 | 51336
171) 	0 	 | 17317-17317	 	 | 51336
172) 	0 	 | 17400-17400	 	 | 51336
173) 	0 	 | 17418-17418	 	 | 51336
174) 	0 	 | 17440-17440	 	 | 51336
175) 	0 	 | 17600-17600	 	 | 51336
176) 	0 	 | 17616-17616	 	 | 51336
177) 	0 	 | 17628-17628	 	 | 51336
178) 	0 	 | 17718-17718	 	 | 51336
179) 	0 	 | 17800-17800	 	 | 51336
180) 	15272 	 | 17840-17840	 	 | 66608
181) 	72 	 | 17918-17918	 	 | 66680
182) 	228 	 | 18000-18000	 	 | 66908
183) 	232 	 | 18040-18040	 	 | 67140
184) 	204 	 | 18116-18116	 	 | 67344
185) 	0 	 | 18200-18200	 	 | 67344
186) 	0 	 | 18215-18215	 	 | 67344
187) 	0 	 | 18230-18230	 	 | 67344
188) 	0 	 | 18320-18320	 	 | 67344
189) 	0 	 | 18411-18411	 	 | 67344
190) 	0 	 | 18440-18440	 	 | 67344
191) 	0 	 | 18518-18518	 	 | 67344
192) 	0 	 | 18600-18600	 	 | 67344
193) 	0 	 | 18618-18618	 	 | 67344
194) 	0 	 | 18717-18717	 	 | 67344
195) 	0 	 | 18800-18800	 	 | 67344
196) 	0 	 | 18800-19000	 	 | 67344
197) 	0 	 | 18800-19000	 	 | 67344
198) 	0 	 | 18800-19000	 	 | 67344
199) 	0 	 | 19000-19000	 	 | 67344
200) 	0 	 | 0--858993460	 	 | 67344

splitter=================
0) 	1000
1) 	1018
2) 	1114
3) 	1200
4) 	1215
5) 	1230
6) 	1320
7) 	1410
8) 	1440
9) 	1518
10) 	1600
11) 	1618
12) 	1714
13) 	1800
14) 	1815
15) 	1830
16) 	1920
17) 	2010
18) 	2040
19) 	2118
20) 	2200
21) 	2218
22) 	2240
23) 	2400
24) 	2418
25) 	2440
26) 	2600
27) 	2616
28) 	2628
29) 	2718
30) 	2800
31) 	2840
32) 	2916
33) 	3000
34) 	3018
35) 	3114
36) 	3200
37) 	3215
38) 	3230
39) 	3320
40) 	3410
41) 	3422
42) 	3512
43) 	3600
44) 	3620
45) 	3630
46) 	3720
47) 	3818
48) 	3840
49) 	3918
50) 	4000
51) 	4040
52) 	4118
53) 	4200
54) 	4218
55) 	4240
56) 	4400
57) 	4418
58) 	4440
59) 	4600
60) 	4612
61) 	4628
62) 	4718
63) 	4800
64) 	4824
65) 	5000
66) 	8000
67) 	8015
68) 	8030
69) 	8120
70) 	8210
71) 	8240
72) 	8318
73) 	8400
74) 	8418
75) 	8517
76) 	8600
77) 	8620
78) 	8630
79) 	8720
80) 	8810
81) 	8840
82) 	8918
83) 	9000
84) 	9040
85) 	9118
86) 	9200
87) 	9218
88) 	9240
89) 	9400
90) 	9415
91) 	9430
92) 	9520
93) 	9610
94) 	9640
95) 	9718
96) 	9800
97) 	9818
98) 	9914
99) 	10000
100) 	10015
101) 	10030
102) 	10120
103) 	10210
104) 	10240
105) 	10318
106) 	10400
107) 	10418
108) 	10517
109) 	10600
110) 	10620
111) 	10630
112) 	10720
113) 	10810
114) 	10840
115) 	10918
116) 	11000
117) 	11040
118) 	11118
119) 	11200
120) 	11218
121) 	11240
122) 	11400
123) 	11415
124) 	11430
125) 	11520
126) 	11610
127) 	11640
128) 	11718
129) 	11800
130) 	11820
131) 	12000
132) 	15000
133) 	15015
134) 	15030
135) 	15120
136) 	15210
137) 	15240
138) 	15318
139) 	15400
140) 	15418
141) 	15517
142) 	15600
143) 	15616
144) 	15628
145) 	15718
146) 	15800
147) 	15840
148) 	15920
149) 	16000
150) 	16040
151) 	16118
152) 	16200
153) 	16218
154) 	16240
155) 	16400
156) 	16415
157) 	16430
158) 	16520
159) 	16610
160) 	16640
161) 	16716
162) 	16800
163) 	16820
164) 	16910
165) 	16920
166) 	17018
167) 	17040
168) 	17118
169) 	17200
170) 	17218
171) 	17317
172) 	17400
173) 	17418
174) 	17440
175) 	17600
176) 	17616
177) 	17628
178) 	17718
179) 	17800
180) 	17840
181) 	17918
182) 	18000
183) 	18040
184) 	18116
185) 	18200
186) 	18215
187) 	18230
188) 	18320
189) 	18411
190) 	18440
191) 	18518
192) 	18600
193) 	18618
194) 	18717
195) 	18800
196) 	-1
197) 	-1
198) 	-1
199) 	19000
