0.108
0.127
0.103
0.095
0.09
0.084
0.091
0.081
0.078
0.093
0.078
0.075
0.071
0.076
0.07
0.071
0.072
0.071
0.073
0.073
0.074
0.074
0.073
0.073
0.071
0.074
0.07
0.074
0.077
0.07
0.076
0.071
0.08
0.071
0.072
0.076
0.078
0.074
0.074
0.075
0.073
0.072
0.07
0.079
0.075
0.074
0.072
0.077
0.073
0.069
0.076
0.075
0.09
0.077
0.074
0.072
0.069
0.071
0.079
0.072
0.072
0.072
0.071
0.074
0.071
0.071
0.072
0.073
0.07
0.07
0.076
0.075
0.072
0.075
0.07
0.072
0.072
0.073
0.073
0.073
0.073
0.078
0.068
0.076
0.073
0.073
0.072
0.068
0.081
0.083
0.079
0.072
0.074
0.077
0.074
0.072
0.075
0.07
0.071
0.077
0.073
0.074
0.072
0.071
0.075
0.072
0.071
0.076
0.081
0.077
0.071
0.071
0.071
0.074
0.075
0.072
0.07
0.071
0.07
0.07
0.072
0.069
0.076
0.072
0.069
0.07
0.084
0.071
0.075
0.074
0.073
0.075
0.071
0.07
0.07
0.072
0.071
0.072
0.071
0.069
0.068
0.069
0.071
0.07
0.07
0.071
0.076
0.07
0.068
0.074
0.073
0.071
0.073
0.075
0.078
0.077
0.074
0.069
0.074
0.072
0.067
0.076
0.07
0.072
0.071
0.069
0.072
0.072
0.075
0.075
0.073
0.066
0.073
0.072
0.071
0.075
0.074
0.073
0.074
0.072
0.077
0.074
0.072
0.083
0.077
0.075
0.073
0.073
0.072
0.08
0.075
0.072
0.071
0.082
0.073
0.073
0.072
0.073
0.069
0.073
0.074
0.07
0.073
0.073
0.072
0.075
0.074
0.075
0.078
0.086
0.077
0.074
0.072
0.078
0.075
0.077
0.073
0.076
0.076
0.074
0.076
0.074
0.08
0.08
0.074
0.077
0.07
0.074
0.073
0.076
0.076
0.078
0.079
0.079
0.079
0.081
0.072
0.08
0.079
0.077
0.073
0.074
0.075
0.077
0.079
0.079
0.077
0.078
0.076
0.076
0.077
0.079
0.076
0.077
0.079
0.081
0.081
0.08
0.076
0.08
0.077
0.078
0.082
0.081
0.079
0.077
0.076
0.08
0.078
0.084
0.092
0.082
0.077
0.084
0.083
0.077
0.074
0.078
0.077
0.083
0.08
0.076
0.076
0.078
0.076
0.075
0.077
0.078
0.075
0.079
0.079
0.076
0.079
0.075
0.082
0.082
0.078
0.082
0.078
0.078
0.078
