0.229
0.722
0.217
0.218
0.216
0.21
0.21
0.187
0.191
0.179
0.184
0.185
0.187
0.181
0.191
0.183
0.184
0.194
0.189
0.192
0.197
0.194
0.198
0.193
0.198
0.196
0.198
0.197
0.198
0.198
0.203
0.203
0.201
0.2
0.205
0.205
0.208
0.207
0.206
0.211
0.21
0.215
0.207
0.212
0.211
0.211
0.214
0.214
0.215
0.216
0.215
0.213
0.221
0.219
0.216
0.222
0.22
0.231
0.22
0.227
0.225
0.232
0.233
0.22
0.221
0.223
0.229
0.224
0.224
0.225
0.225
0.229
0.227
0.227
0.229
0.232
0.231
0.233
0.281
0.236
0.242
0.243
0.239
0.244
0.242
0.244
0.242
0.247
0.249
0.246
0.247
0.25
0.261
0.249
0.251
0.253
0.254
0.254
0.255
0.254
0.256
0.255
0.257
0.256
0.258
0.259
0.259
0.257
0.258
0.26
0.26
0.263
0.262
0.266
0.265
0.266
0.266
0.27
0.268
0.267
0.267
0.269
0.434
0.27
0.271
0.271
0.276
0.275
0.275
0.276
0.277
0.275
0.274
0.278
0.276
0.278
0.282
0.281
0.28
0.279
0.282
0.281
0.28
0.284
0.283
0.283
0.281
0.282
0.283
0.288
0.284
0.288
0.282
0.286
0.292
0.287
0.288
0.286
0.287
0.289
0.289
0.285
0.309
0.289
0.289
0.289
0.291
0.294
0.29
0.286
0.29
0.289
0.291
0.293
0.292
0.295
0.292
0.292
0.292
0.296
0.29
0.294
0.294
0.294
0.292
0.295
0.294
0.297
0.298
0.302
0.306
0.303
0.302
0.302
0.302
0.303
0.301
0.303
0.31
0.302
0.303
0.306
0.305
0.308
0.304
0.307
0.308
0.307
0.31
0.306
0.307
0.309
0.314
0.31
0.311
0.31
0.31
0.309
0.312
0.309
0.311
0.311
0.318
0.316
0.314
0.315
0.318
0.316
0.319
0.317
0.317
0.318
0.32
0.32
0.316
0.316
0.317
0.318
0.319
0.318
0.321
0.32
0.321
0.316
0.316
0.318
0.317
0.319
0.319
0.32
0.319
0.318
0.323
0.32
0.32
0.32
0.319
0.322
0.319
0.318
0.323
0.336
0.336
0.333
0.334
0.335
0.334
0.336
0.335
0.335
0.337
0.335
0.336
0.336
0.333
0.334
0.335
0.334
0.334
0.332
0.336
0.336
0.335
0.335
0.337
0.336
0.335
0.335
0.336
0.335
0.343
0.363
0.361
0.358
0.362
0.362
0.359
0.36
0.359
0.358
