909) 0.0510813	 
910) 1.02321	 
911) 1.89108	 
912) 1.92112	 
913) 1.92127	 
914) 1.92112	 
915) 1.92127	 
916) 1.92112	 
917) 1.92127	 
918) 1.92112	 
919) 1.92127	 
920) 1.92112	 
921) 1.92127	 
922) 1.92112	 
923) 1.92127	 
924) 1.92112	 
925) 1.87019	 
926) 0.897911	 
927) 0.0301989	 
1009) 0.818312	 
1010) 16.3916	 
1011) 30.2947	 
1012) 30.7759	 
1013) 30.7784	 
1014) 30.7759	 
1015) 30.7784	 
1016) 30.7759	 
1017) 30.7784	 
1018) 30.7759	 
1019) 30.7784	 
1020) 30.7759	 
1021) 30.7785	 
1022) 30.7759	 
1023) 30.7785	 
1024) 30.7759	 
1025) 29.9601	 
1026) 14.3844	 
1027) 0.483781	 
1109) 1.393	 
1110) 27.903	 
1111) 51.5699	 
1112) 52.3892	 
1113) 52.3934	 
1114) 52.3892	 
1115) 52.3935	 
1116) 52.3892	 
1117) 52.3934	 
1118) 52.3892	 
1119) 52.3934	 
1120) 52.3891	 
1121) 52.3935	 
1122) 52.3891	 
1123) 52.3935	 
1124) 52.3891	 
1125) 51.0005	 
1126) 24.4862	 
1127) 0.82353	 
1209) 1.4068	 
1210) 28.1794	 
1211) 52.0808	 
1212) 52.9082	 
1213) 52.9125	 
1214) 52.9082	 
1215) 52.9125	 
1216) 52.9081	 
1217) 52.9125	 
1218) 52.9081	 
1219) 52.9125	 
1220) 52.9081	 
1221) 52.9125	 
1222) 52.9082	 
1223) 52.9125	 
1224) 52.9081	 
1225) 51.5057	 
1226) 24.7288	 
1227) 0.831688	 
1309) 1.4068	 
1310) 28.1794	 
1311) 52.0808	 
1312) 52.9081	 
1313) 52.9125	 
1314) 52.9081	 
1315) 52.9125	 
1316) 52.9081	 
1317) 52.9125	 
1318) 52.9081	 
1319) 52.9125	 
1320) 52.9082	 
1321) 52.9125	 
1322) 52.9082	 
1323) 52.9125	 
1324) 52.9082	 
1325) 51.5057	 
1326) 24.7288	 
1327) 0.831688	 
1409) 1.40586	 
1410) 28.1606	 
1411) 52.0461	 
1412) 52.8728	 
1413) 52.8772	 
1414) 52.8728	 
1415) 52.8772	 
1416) 52.8728	 
1417) 52.8772	 
1418) 52.8728	 
1419) 52.8772	 
1420) 52.8728	 
1421) 52.8772	 
1422) 52.8728	 
1423) 52.8772	 
1424) 52.8728	 
1425) 51.4713	 
1426) 24.7122	 
1427) 0.831133	 
1509) 1.4073	 
1510) 28.1895	 
1511) 52.0995	 
1512) 52.9271	 
1513) 52.9315	 
1514) 52.9272	 
1515) 52.9315	 
1516) 52.9272	 
1517) 52.9315	 
1518) 52.9272	 
1519) 52.9315	 
1520) 52.9271	 
1521) 52.9315	 
1522) 52.9271	 
1523) 52.9315	 
1524) 52.9271	 
1525) 51.5242	 
1526) 24.7376	 
1527) 0.831987	 
1609) 1.40586	 
1610) 28.1606	 
1611) 52.046	 
1612) 52.8728	 
1613) 52.8772	 
1614) 52.8728	 
1615) 52.8772	 
1616) 52.8728	 
1617) 52.8771	 
1618) 52.8728	 
1619) 52.8772	 
1620) 52.8728	 
1621) 52.8772	 
1622) 52.8728	 
1623) 52.8771	 
1624) 52.8728	 
1625) 51.4713	 
1626) 24.7122	 
1627) 0.831133	 
1709) 1.4068	 
1710) 28.1794	 
1711) 52.0809	 
1712) 52.9082	 
1713) 52.9125	 
1714) 52.9082	 
1715) 52.9125	 
1716) 52.9082	 
1717) 52.9125	 
1718) 52.9082	 
1719) 52.9125	 
1720) 52.9082	 
1721) 52.9125	 
1722) 52.9082	 
1723) 52.9125	 
1724) 52.9082	 
1725) 51.5057	 
1726) 24.7288	 
1727) 0.831688	 
1809) 1.4068	 
1810) 28.1794	 
1811) 52.0808	 
1812) 52.9081	 
1813) 52.9125	 
1814) 52.9081	 
1815) 52.9125	 
1816) 52.9081	 
1817) 52.9125	 
1818) 52.9082	 
1819) 52.9125	 
1820) 52.9082	 
1821) 52.9125	 
1822) 52.9082	 
1823) 52.9125	 
1824) 52.9082	 
1825) 51.5057	 
1826) 24.7288	 
1827) 0.831688	 
1909) 1.40586	 
1910) 28.1606	 
1911) 52.046	 
1912) 52.8728	 
1913) 52.8772	 
1914) 52.8728	 
1915) 52.8772	 
1916) 52.8728	 
1917) 52.8772	 
1918) 52.8728	 
1919) 52.8772	 
1920) 52.8728	 
1921) 52.8772	 
1922) 52.8728	 
1923) 52.8772	 
1924) 52.8728	 
1925) 51.4713	 
1926) 24.7122	 
1927) 0.831133	 
2009) 1.4073	 
2010) 28.1895	 
2011) 52.0995	 
2012) 52.9271	 
2013) 52.9315	 
2014) 52.9271	 
2015) 52.9315	 
2016) 52.9272	 
2017) 52.9315	 
2018) 52.9271	 
2019) 52.9315	 
2020) 52.9272	 
2021) 52.9315	 
2022) 52.9271	 
2023) 52.9315	 
2024) 52.9271	 
2025) 51.5242	 
2026) 24.7376	 
2027) 0.831987	 
2109) 1.40586	 
2110) 28.1606	 
2111) 52.046	 
2112) 52.8728	 
2113) 52.8772	 
2114) 52.8728	 
2115) 52.8772	 
2116) 52.8728	 
2117) 52.8772	 
2118) 52.8728	 
2119) 52.8771	 
2120) 52.8728	 
2121) 52.8771	 
2122) 52.8728	 
2123) 52.8771	 
2124) 52.8728	 
2125) 51.4713	 
2126) 24.7122	 
2127) 0.831133	 
2209) 1.4068	 
2210) 28.1794	 
2211) 52.0808	 
2212) 52.9081	 
2213) 52.9125	 
2214) 52.9081	 
2215) 52.9125	 
2216) 52.9081	 
2217) 52.9125	 
2218) 52.9081	 
2219) 52.9125	 
2220) 52.9081	 
2221) 52.9125	 
2222) 52.9082	 
2223) 52.9125	 
2224) 52.9081	 
2225) 51.5057	 
2226) 24.7288	 
2227) 0.831688	 
2309) 1.4068	 
2310) 28.1794	 
2311) 52.0809	 
2312) 52.9081	 
2313) 52.9125	 
2314) 52.9082	 
2315) 52.9125	 
2316) 52.9082	 
2317) 52.9125	 
2318) 52.9082	 
2319) 52.9125	 
2320) 52.9081	 
2321) 52.9125	 
2322) 52.9081	 
2323) 52.9125	 
2324) 52.9082	 
2325) 51.5057	 
2326) 24.7288	 
2327) 0.831688	 
2409) 1.40586	 
2410) 28.1606	 
2411) 52.0461	 
2412) 52.8728	 
2413) 52.8772	 
2414) 52.8728	 
2415) 52.8772	 
2416) 52.8728	 
2417) 52.8772	 
2418) 52.8728	 
2419) 52.8772	 
2420) 52.8728	 
2421) 52.8772	 
2422) 52.8728	 
2423) 52.8772	 
2424) 52.8728	 
2425) 51.4713	 
2426) 24.7122	 
2427) 0.831133	 
2509) 1.4073	 
2510) 28.1895	 
2511) 52.0996	 
2512) 52.9272	 
2513) 52.9315	 
2514) 52.9272	 
2515) 52.9315	 
2516) 52.9272	 
2517) 52.9315	 
2518) 52.9272	 
2519) 52.9315	 
2520) 52.9272	 
2521) 52.9315	 
2522) 52.9272	 
2523) 52.9315	 
2524) 52.9272	 
2525) 51.5242	 
2526) 24.7376	 
2527) 0.831987	 
2609) 1.40586	 
2610) 28.1606	 
2611) 52.046	 
2612) 52.8728	 
2613) 52.8772	 
2614) 52.8728	 
2615) 52.8771	 
2616) 52.8728	 
2617) 52.8771	 
2618) 52.8728	 
2619) 52.8771	 
2620) 52.8728	 
2621) 52.8772	 
2622) 52.8728	 
2623) 52.8771	 
2624) 52.8728	 
2625) 51.4713	 
2626) 24.7122	 
2627) 0.831133	 
2709) 1.4068	 
2710) 28.1794	 
2711) 52.0808	 
2712) 52.9082	 
2713) 52.9125	 
2714) 52.9081	 
2715) 52.9125	 
2716) 52.9081	 
2717) 52.9125	 
2718) 52.9081	 
2719) 52.9125	 
2720) 52.9081	 
2721) 52.9125	 
2722) 52.9081	 
2723) 52.9125	 
2724) 52.9081	 
2725) 51.5057	 
2726) 24.7288	 
2727) 0.831688	 
2809) 1.4068	 
2810) 28.1794	 
2811) 52.0809	 
2812) 52.9082	 
2813) 52.9126	 
2814) 52.9082	 
2815) 52.9125	 
2816) 52.9082	 
2817) 52.9126	 
2818) 52.9082	 
2819) 52.9125	 
2820) 52.9082	 
2821) 52.9125	 
2822) 52.9081	 
2823) 52.9125	 
2824) 52.9081	 
2825) 51.5057	 
2826) 24.7288	 
2827) 0.831688	 
2909) 1.40586	 
2910) 28.1606	 
2911) 52.0461	 
2912) 52.8728	 
2913) 52.8772	 
2914) 52.8728	 
2915) 52.8772	 
2916) 52.8728	 
2917) 52.8772	 
2918) 52.8728	 
2919) 52.8772	 
2920) 52.8728	 
2921) 52.8772	 
2922) 52.8728	 
2923) 52.8772	 
2924) 52.8728	 
2925) 51.4713	 
2926) 24.7122	 
2927) 0.831133	 
3009) 1.4073	 
3010) 28.1895	 
3011) 52.0995	 
3012) 52.9272	 
3013) 52.9315	 
3014) 52.9271	 
3015) 52.9315	 
3016) 52.9272	 
3017) 52.9315	 
3018) 52.9272	 
3019) 52.9315	 
3020) 52.9272	 
3021) 52.9315	 
3022) 52.9271	 
3023) 52.9315	 
3024) 52.9272	 
3025) 51.5242	 
3026) 24.7376	 
3027) 0.831987	 
3109) 1.40586	 
3110) 28.1606	 
3111) 52.046	 
3112) 52.8728	 
3113) 52.8772	 
3114) 52.8728	 
3115) 52.8772	 
3116) 52.8728	 
3117) 52.8772	 
3118) 52.8728	 
3119) 52.8772	 
3120) 52.8728	 
3121) 52.8772	 
3122) 52.8728	 
3123) 52.8771	 
3124) 52.8728	 
3125) 51.4713	 
3126) 24.7122	 
3127) 0.831133	 
3209) 1.40679	 
3210) 28.1794	 
3211) 52.0808	 
3212) 52.9081	 
3213) 52.9125	 
3214) 52.9081	 
3215) 52.9125	 
3216) 52.9081	 
3217) 52.9125	 
3218) 52.9081	 
3219) 52.9125	 
3220) 52.9081	 
3221) 52.9125	 
3222) 52.9081	 
3223) 52.9125	 
3224) 52.9081	 
3225) 51.5057	 
3226) 24.7287	 
3227) 0.831688	 
3309) 1.4068	 
3310) 28.1794	 
3311) 52.0809	 
3312) 52.9082	 
3313) 52.9126	 
3314) 52.9082	 
3315) 52.9126	 
3316) 52.9082	 
3317) 52.9126	 
3318) 52.9082	 
3319) 52.9126	 
3320) 52.9082	 
3321) 52.9126	 
3322) 52.9082	 
3323) 52.9126	 
3324) 52.9082	 
3325) 51.5058	 
3326) 24.7288	 
3327) 0.831689	 
3409) 1.40586	 
3410) 28.1606	 
3411) 52.0461	 
3412) 52.8728	 
3413) 52.8772	 
3414) 52.8728	 
3415) 52.8772	 
3416) 52.8728	 
3417) 52.8772	 
3418) 52.8729	 
3419) 52.8772	 
3420) 52.8728	 
3421) 52.8772	 
3422) 52.8728	 
3423) 52.8772	 
3424) 52.8728	 
3425) 51.4714	 
3426) 24.7122	 
3427) 0.831133	 
3509) 1.4073	 
3510) 28.1895	 
3511) 52.0994	 
3512) 52.9271	 
3513) 52.9314	 
3514) 52.9271	 
3515) 52.9314	 
3516) 52.9271	 
3517) 52.9314	 
3518) 52.9271	 
3519) 52.9314	 
3520) 52.9271	 
3521) 52.9314	 
3522) 52.9271	 
3523) 52.9314	 
3524) 52.9271	 
3525) 51.5241	 
3526) 24.7376	 
3527) 0.831986	 
3609) 1.40586	 
3610) 28.1607	 
3611) 52.0462	 
3612) 52.8729	 
3613) 52.8773	 
3614) 52.873	 
3615) 52.8773	 
3616) 52.873	 
3617) 52.8773	 
3618) 52.8729	 
3619) 52.8773	 
3620) 52.873	 
3621) 52.8773	 
3622) 52.873	 
3623) 52.8773	 
3624) 52.873	 
3625) 51.4714	 
3626) 24.7123	 
3627) 0.831135	 
3709) 1.40679	 
3710) 28.1794	 
3711) 52.0807	 
3712) 52.9081	 
3713) 52.9124	 
3714) 52.908	 
3715) 52.9124	 
3716) 52.9081	 
3717) 52.9124	 
3718) 52.908	 
3719) 52.9124	 
3720) 52.9081	 
3721) 52.9124	 
3722) 52.9081	 
3723) 52.9124	 
3724) 52.908	 
3725) 51.5056	 
3726) 24.7287	 
3727) 0.831687	 
3809) 1.4068	 
3810) 28.1794	 
3811) 52.0809	 
3812) 52.9082	 
3813) 52.9126	 
3814) 52.9082	 
3815) 52.9126	 
3816) 52.9082	 
3817) 52.9126	 
3818) 52.9082	 
3819) 52.9126	 
3820) 52.9082	 
3821) 52.9126	 
3822) 52.9082	 
3823) 52.9126	 
3824) 52.9082	 
3825) 51.5058	 
3826) 24.7288	 
3827) 0.831689	 
3909) 1.40586	 
3910) 28.1606	 
3911) 52.0461	 
3912) 52.8728	 
3913) 52.8772	 
3914) 52.8728	 
3915) 52.8772	 
3916) 52.8728	 
3917) 52.8772	 
3918) 52.8728	 
3919) 52.8772	 
3920) 52.8729	 
3921) 52.8772	 
3922) 52.8728	 
3923) 52.8772	 
3924) 52.8728	 
3925) 51.4714	 
3926) 24.7122	 
3927) 0.831133	 
4009) 1.4073	 
4010) 28.1895	 
4011) 52.0995	 
4012) 52.9271	 
4013) 52.9315	 
4014) 52.9271	 
4015) 52.9315	 
4016) 52.9271	 
4017) 52.9314	 
4018) 52.9271	 
4019) 52.9314	 
4020) 52.9271	 
4021) 52.9315	 
4022) 52.9271	 
4023) 52.9314	 
4024) 52.9271	 
4025) 51.5241	 
4026) 24.7376	 
4027) 0.831986	 
4109) 1.40586	 
4110) 28.1606	 
4111) 52.0461	 
4112) 52.8729	 
4113) 52.8773	 
4114) 52.8729	 
4115) 52.8772	 
4116) 52.8729	 
4117) 52.8772	 
4118) 52.8729	 
4119) 52.8772	 
4120) 52.8729	 
4121) 52.8772	 
4122) 52.8729	 
4123) 52.8772	 
4124) 52.8729	 
4125) 51.4714	 
4126) 24.7123	 
4127) 0.831134	 
4209) 1.40679	 
4210) 28.1794	 
4211) 52.0808	 
4212) 52.9081	 
4213) 52.9125	 
4214) 52.9081	 
4215) 52.9125	 
4216) 52.9081	 
4217) 52.9125	 
4218) 52.9081	 
4219) 52.9124	 
4220) 52.9081	 
4221) 52.9124	 
4222) 52.9081	 
4223) 52.9125	 
4224) 52.9081	 
4225) 51.5057	 
4226) 24.7287	 
4227) 0.831687	 
4309) 1.4068	 
4310) 28.1794	 
4311) 52.0809	 
4312) 52.9082	 
4313) 52.9125	 
4314) 52.9082	 
4315) 52.9125	 
4316) 52.9082	 
4317) 52.9125	 
4318) 52.9082	 
4319) 52.9125	 
4320) 52.9081	 
4321) 52.9125	 
4322) 52.9081	 
4323) 52.9125	 
4324) 52.9081	 
4325) 51.5057	 
4326) 24.7288	 
4327) 0.831688	 
4409) 1.40586	 
4410) 28.1606	 
4411) 52.0461	 
4412) 52.8728	 
4413) 52.8772	 
4414) 52.8728	 
4415) 52.8772	 
4416) 52.8728	 
4417) 52.8772	 
4418) 52.8728	 
4419) 52.8772	 
4420) 52.8728	 
4421) 52.8772	 
4422) 52.8728	 
4423) 52.8772	 
4424) 52.8728	 
4425) 51.4713	 
4426) 24.7122	 
4427) 0.831133	 
4509) 1.4073	 
4510) 28.1895	 
4511) 52.0995	 
4512) 52.9272	 
4513) 52.9315	 
4514) 52.9272	 
4515) 52.9315	 
4516) 52.9271	 
4517) 52.9315	 
4518) 52.9272	 
4519) 52.9315	 
4520) 52.9272	 
4521) 52.9315	 
4522) 52.9272	 
4523) 52.9315	 
4524) 52.9272	 
4525) 51.5242	 
4526) 24.7376	 
4527) 0.831987	 
4609) 1.40586	 
4610) 28.1606	 
4611) 52.0461	 
4612) 52.8728	 
4613) 52.8772	 
4614) 52.8729	 
4615) 52.8772	 
4616) 52.8728	 
4617) 52.8772	 
4618) 52.8729	 
4619) 52.8772	 
4620) 52.8729	 
4621) 52.8772	 
4622) 52.8729	 
4623) 52.8772	 
4624) 52.8728	 
4625) 51.4714	 
4626) 24.7123	 
4627) 0.831133	 
4709) 1.40679	 
4710) 28.1794	 
4711) 52.0808	 
4712) 52.9081	 
4713) 52.9125	 
4714) 52.9081	 
4715) 52.9125	 
4716) 52.9081	 
4717) 52.9125	 
4718) 52.9081	 
4719) 52.9125	 
4720) 52.9081	 
4721) 52.9125	 
4722) 52.9081	 
4723) 52.9125	 
4724) 52.9081	 
4725) 51.5057	 
4726) 24.7288	 
4727) 0.831688	 
4809) 1.4068	 
4810) 28.1794	 
4811) 52.0808	 
4812) 52.9081	 
4813) 52.9125	 
4814) 52.9082	 
4815) 52.9125	 
4816) 52.9082	 
4817) 52.9125	 
4818) 52.9081	 
4819) 52.9125	 
4820) 52.9081	 
4821) 52.9125	 
4822) 52.9081	 
4823) 52.9125	 
4824) 52.9082	 
4825) 51.5057	 
4826) 24.7288	 
4827) 0.831688	 
4909) 1.35477	 
4910) 27.1374	 
4911) 50.155	 
4912) 50.9517	 
4913) 50.9559	 
4914) 50.9517	 
4915) 50.9559	 
4916) 50.9517	 
4917) 50.9559	 
4918) 50.9517	 
4919) 50.9559	 
4920) 50.9517	 
4921) 50.9559	 
4922) 50.9517	 
4923) 50.9559	 
4924) 50.9517	 
4925) 49.6011	 
4926) 23.8143	 
4927) 0.800934	 
5009) 0.588987	 
5010) 11.798	 
5011) 21.8048	 
5012) 22.1512	 
5013) 22.153	 
5014) 22.1512	 
5015) 22.153	 
5016) 22.1512	 
5017) 22.153	 
5018) 22.1512	 
5019) 22.153	 
5020) 22.1512	 
5021) 22.153	 
5022) 22.1512	 
5023) 22.153	 
5024) 22.1512	 
5025) 21.564	 
5026) 10.3533	 
5027) 0.348205	 
5109) 0.0128606	 
5110) 0.257609	 
5111) 0.47611	 
5112) 0.483673	 
5113) 0.483713	 
5114) 0.483673	 
5115) 0.483713	 
5116) 0.483673	 
5117) 0.483713	 
5118) 0.483673	 
5119) 0.483713	 
5120) 0.483673	 
5121) 0.483713	 
5122) 0.483673	 
5123) 0.483713	 
5124) 0.483673	 
5125) 0.470852	 
5126) 0.226064	 
5127) 0.00760308	 
7909) 0.0510812	 
7910) 1.0232	 
7911) 1.89107	 
7912) 1.92111	 
7913) 1.92127	 
7914) 1.92111	 
7915) 1.92127	 
7916) 1.92111	 
7917) 1.92127	 
7918) 1.92111	 
7919) 1.92127	 
7920) 1.92111	 
7921) 1.92127	 
7922) 1.92111	 
7923) 1.92127	 
7924) 1.92111	 
7925) 1.87019	 
7926) 0.89791	 
7927) 0.0301989	 
8009) 0.818311	 
8010) 16.3915	 
8011) 30.2946	 
8012) 30.7759	 
8013) 30.7784	 
8014) 30.7759	 
8015) 30.7784	 
8016) 30.7759	 
8017) 30.7784	 
8018) 30.7758	 
8019) 30.7784	 
8020) 30.7759	 
8021) 30.7784	 
8022) 30.7758	 
8023) 30.7784	 
8024) 30.7758	 
8025) 29.9601	 
8026) 14.3843	 
8027) 0.48378	 
8109) 1.393	 
8110) 27.903	 
8111) 51.57	 
8112) 52.3893	 
8113) 52.3936	 
8114) 52.3893	 
8115) 52.3936	 
8116) 52.3893	 
8117) 52.3936	 
8118) 52.3893	 
8119) 52.3936	 
8120) 52.3893	 
8121) 52.3936	 
8122) 52.3893	 
8123) 52.3936	 
8124) 52.3893	 
8125) 51.0006	 
8126) 24.4862	 
8127) 0.823532	 
8209) 1.40679	 
8210) 28.1794	 
8211) 52.0808	 
8212) 52.9081	 
8213) 52.9125	 
8214) 52.9081	 
8215) 52.9125	 
8216) 52.9081	 
8217) 52.9124	 
8218) 52.9081	 
8219) 52.9125	 
8220) 52.9081	 
8221) 52.9125	 
8222) 52.9081	 
8223) 52.9124	 
8224) 52.9081	 
8225) 51.5057	 
8226) 24.7287	 
8227) 0.831687	 
8309) 1.4068	 
8310) 28.1794	 
8311) 52.0809	 
8312) 52.9082	 
8313) 52.9125	 
8314) 52.9082	 
8315) 52.9125	 
8316) 52.9082	 
8317) 52.9125	 
8318) 52.9082	 
8319) 52.9125	 
8320) 52.9082	 
8321) 52.9125	 
8322) 52.9082	 
8323) 52.9126	 
8324) 52.9082	 
8325) 51.5057	 
8326) 24.7288	 
8327) 0.831688	 
8409) 1.40586	 
8410) 28.1606	 
8411) 52.0461	 
8412) 52.8729	 
8413) 52.8773	 
8414) 52.8729	 
8415) 52.8773	 
8416) 52.8729	 
8417) 52.8773	 
8418) 52.8729	 
8419) 52.8772	 
8420) 52.8729	 
8421) 52.8773	 
8422) 52.8729	 
8423) 52.8772	 
8424) 52.8729	 
8425) 51.4714	 
8426) 24.7123	 
8427) 0.831134	 
8509) 1.4073	 
8510) 28.1895	 
8511) 52.0994	 
8512) 52.927	 
8513) 52.9314	 
8514) 52.927	 
8515) 52.9314	 
8516) 52.927	 
8517) 52.9313	 
8518) 52.927	 
8519) 52.9313	 
8520) 52.927	 
8521) 52.9313	 
8522) 52.927	 
8523) 52.9314	 
8524) 52.927	 
8525) 51.524	 
8526) 24.7376	 
8527) 0.831985	 
8609) 1.40586	 
8610) 28.1607	 
8611) 52.0462	 
8612) 52.873	 
8613) 52.8773	 
8614) 52.873	 
8615) 52.8773	 
8616) 52.873	 
8617) 52.8773	 
8618) 52.873	 
8619) 52.8773	 
8620) 52.873	 
8621) 52.8773	 
8622) 52.873	 
8623) 52.8773	 
8624) 52.873	 
8625) 51.4714	 
8626) 24.7123	 
8627) 0.831135	 
8709) 1.40679	 
8710) 28.1794	 
8711) 52.0808	 
8712) 52.9081	 
8713) 52.9125	 
8714) 52.9081	 
8715) 52.9125	 
8716) 52.9081	 
8717) 52.9124	 
8718) 52.9081	 
8719) 52.9125	 
8720) 52.9081	 
8721) 52.9124	 
8722) 52.9081	 
8723) 52.9125	 
8724) 52.9081	 
8725) 51.5057	 
8726) 24.7287	 
8727) 0.831687	 
8809) 1.4068	 
8810) 28.1794	 
8811) 52.0809	 
8812) 52.9082	 
8813) 52.9125	 
8814) 52.9082	 
8815) 52.9125	 
8816) 52.9082	 
8817) 52.9125	 
8818) 52.9082	 
8819) 52.9125	 
8820) 52.9082	 
8821) 52.9125	 
8822) 52.9082	 
8823) 52.9125	 
8824) 52.9082	 
8825) 51.5057	 
8826) 24.7288	 
8827) 0.831688	 
8909) 1.40586	 
8910) 28.1606	 
8911) 52.0461	 
8912) 52.8729	 
8913) 52.8773	 
8914) 52.8729	 
8915) 52.8773	 
8916) 52.8729	 
8917) 52.8773	 
8918) 52.8729	 
8919) 52.8773	 
8920) 52.8729	 
8921) 52.8773	 
8922) 52.8729	 
8923) 52.8773	 
8924) 52.8729	 
8925) 51.4714	 
8926) 24.7123	 
8927) 0.831134	 
9009) 1.4073	 
9010) 28.1895	 
9011) 52.0994	 
9012) 52.927	 
9013) 52.9314	 
9014) 52.927	 
9015) 52.9314	 
9016) 52.927	 
9017) 52.9314	 
9018) 52.927	 
9019) 52.9313	 
9020) 52.927	 
9021) 52.9314	 
9022) 52.927	 
9023) 52.9313	 
9024) 52.927	 
9025) 51.5241	 
9026) 24.7376	 
9027) 0.831985	 
9109) 1.40586	 
9110) 28.1607	 
9111) 52.0462	 
9112) 52.8729	 
9113) 52.8773	 
9114) 52.873	 
9115) 52.8773	 
9116) 52.873	 
9117) 52.8773	 
9118) 52.873	 
9119) 52.8773	 
9120) 52.873	 
9121) 52.8773	 
9122) 52.873	 
9123) 52.8773	 
9124) 52.873	 
9125) 51.4714	 
9126) 24.7123	 
9127) 0.831135	 
9209) 1.40679	 
9210) 28.1794	 
9211) 52.0808	 
9212) 52.9081	 
9213) 52.9125	 
9214) 52.9081	 
9215) 52.9125	 
9216) 52.9081	 
9217) 52.9125	 
9218) 52.9081	 
9219) 52.9125	 
9220) 52.9081	 
9221) 52.9124	 
9222) 52.9081	 
9223) 52.9125	 
9224) 52.9081	 
9225) 51.5057	 
9226) 24.7287	 
9227) 0.831687	 
9309) 1.4068	 
9310) 28.1795	 
9311) 52.0809	 
9312) 52.9083	 
9313) 52.9126	 
9314) 52.9083	 
9315) 52.9126	 
9316) 52.9083	 
9317) 52.9126	 
9318) 52.9082	 
9319) 52.9126	 
9320) 52.9083	 
9321) 52.9126	 
9322) 52.9082	 
9323) 52.9126	 
9324) 52.9082	 
9325) 51.5058	 
9326) 24.7288	 
9327) 0.831689	 
9409) 1.40586	 
9410) 28.1606	 
9411) 52.0461	 
9412) 52.8728	 
9413) 52.8772	 
9414) 52.8728	 
9415) 52.8772	 
9416) 52.8728	 
9417) 52.8772	 
9418) 52.8728	 
9419) 52.8772	 
9420) 52.8728	 
9421) 52.8772	 
9422) 52.8728	 
9423) 52.8772	 
9424) 52.8728	 
9425) 51.4713	 
9426) 24.7122	 
9427) 0.831133	 
9509) 1.4073	 
9510) 28.1895	 
9511) 52.0994	 
9512) 52.927	 
9513) 52.9314	 
9514) 52.927	 
9515) 52.9314	 
9516) 52.927	 
9517) 52.9313	 
9518) 52.927	 
9519) 52.9313	 
9520) 52.927	 
9521) 52.9313	 
9522) 52.927	 
9523) 52.9313	 
9524) 52.927	 
9525) 51.524	 
9526) 24.7376	 
9527) 0.831985	 
9609) 1.40586	 
9610) 28.1606	 
9611) 52.0461	 
9612) 52.8729	 
9613) 52.8772	 
9614) 52.8729	 
9615) 52.8772	 
9616) 52.8729	 
9617) 52.8772	 
9618) 52.8729	 
9619) 52.8772	 
9620) 52.8729	 
9621) 52.8772	 
9622) 52.8729	 
9623) 52.8772	 
9624) 52.8729	 
9625) 51.4714	 
9626) 24.7123	 
9627) 0.831134	 
9709) 1.4068	 
9710) 28.1794	 
9711) 52.0809	 
9712) 52.9082	 
9713) 52.9125	 
9714) 52.9082	 
9715) 52.9125	 
9716) 52.9082	 
9717) 52.9125	 
9718) 52.9082	 
9719) 52.9125	 
9720) 52.9082	 
9721) 52.9125	 
9722) 52.9082	 
9723) 52.9125	 
9724) 52.9082	 
9725) 51.5057	 
9726) 24.7288	 
9727) 0.831688	 
9809) 1.4068	 
9810) 28.1795	 
9811) 52.081	 
9812) 52.9083	 
9813) 52.9127	 
9814) 52.9083	 
9815) 52.9127	 
9816) 52.9083	 
9817) 52.9126	 
9818) 52.9083	 
9819) 52.9127	 
9820) 52.9083	 
9821) 52.9127	 
9822) 52.9083	 
9823) 52.9127	 
9824) 52.9083	 
9825) 51.5059	 
9826) 24.7288	 
9827) 0.83169	 
9909) 1.40585	 
9910) 28.1605	 
9911) 52.046	 
9912) 52.8727	 
9913) 52.8771	 
9914) 52.8727	 
9915) 52.8771	 
9916) 52.8727	 
9917) 52.8771	 
9918) 52.8727	 
9919) 52.8771	 
9920) 52.8727	 
9921) 52.8771	 
9922) 52.8727	 
9923) 52.8771	 
9924) 52.8727	 
9925) 51.4713	 
9926) 24.7122	 
9927) 0.831132	 
10009) 1.4073	 
10010) 28.1895	 
10011) 52.0994	 
10012) 52.927	 
10013) 52.9314	 
10014) 52.927	 
10015) 52.9313	 
10016) 52.927	 
10017) 52.9313	 
10018) 52.927	 
10019) 52.9313	 
10020) 52.927	 
10021) 52.9313	 
10022) 52.927	 
10023) 52.9313	 
10024) 52.927	 
10025) 51.524	 
10026) 24.7376	 
10027) 0.831985	 
10109) 1.40586	 
10110) 28.1606	 
10111) 52.0461	 
10112) 52.8729	 
10113) 52.8772	 
10114) 52.8729	 
10115) 52.8772	 
10116) 52.8729	 
10117) 52.8772	 
10118) 52.8729	 
10119) 52.8772	 
10120) 52.8729	 
10121) 52.8772	 
10122) 52.8729	 
10123) 52.8772	 
10124) 52.8729	 
10125) 51.4714	 
10126) 24.7123	 
10127) 0.831134	 
10209) 1.4068	 
10210) 28.1794	 
10211) 52.0809	 
10212) 52.9082	 
10213) 52.9125	 
10214) 52.9082	 
10215) 52.9125	 
10216) 52.9082	 
10217) 52.9125	 
10218) 52.9082	 
10219) 52.9125	 
10220) 52.9082	 
10221) 52.9125	 
10222) 52.9082	 
10223) 52.9125	 
10224) 52.9082	 
10225) 51.5057	 
10226) 24.7288	 
10227) 0.831689	 
10309) 1.4068	 
10310) 28.1795	 
10311) 52.081	 
10312) 52.9083	 
10313) 52.9127	 
10314) 52.9083	 
10315) 52.9126	 
10316) 52.9083	 
10317) 52.9127	 
10318) 52.9083	 
10319) 52.9127	 
10320) 52.9083	 
10321) 52.9127	 
10322) 52.9083	 
10323) 52.9127	 
10324) 52.9083	 
10325) 51.5059	 
10326) 24.7288	 
10327) 0.83169	 
10409) 1.40585	 
10410) 28.1605	 
10411) 52.046	 
10412) 52.8727	 
10413) 52.8771	 
10414) 52.8727	 
10415) 52.8771	 
10416) 52.8727	 
10417) 52.8771	 
10418) 52.8728	 
10419) 52.8771	 
10420) 52.8727	 
10421) 52.8771	 
10422) 52.8728	 
10423) 52.8771	 
10424) 52.8727	 
10425) 51.4713	 
10426) 24.7122	 
10427) 0.831132	 
10509) 1.4073	 
10510) 28.1895	 
10511) 52.0994	 
10512) 52.927	 
10513) 52.9314	 
10514) 52.927	 
10515) 52.9314	 
10516) 52.927	 
10517) 52.9313	 
10518) 52.927	 
10519) 52.9313	 
10520) 52.927	 
10521) 52.9314	 
10522) 52.927	 
10523) 52.9314	 
10524) 52.927	 
10525) 51.524	 
10526) 24.7376	 
10527) 0.831985	 
10609) 1.40586	 
10610) 28.1607	 
10611) 52.0462	 
10612) 52.873	 
10613) 52.8773	 
10614) 52.873	 
10615) 52.8773	 
10616) 52.873	 
10617) 52.8773	 
10618) 52.873	 
10619) 52.8773	 
10620) 52.873	 
10621) 52.8773	 
10622) 52.873	 
10623) 52.8773	 
10624) 52.8729	 
10625) 51.4714	 
10626) 24.7123	 
10627) 0.831135	 
10709) 1.40679	 
10710) 28.1794	 
10711) 52.0808	 
10712) 52.9081	 
10713) 52.9125	 
10714) 52.9081	 
10715) 52.9124	 
10716) 52.9081	 
10717) 52.9125	 
10718) 52.9081	 
10719) 52.9124	 
10720) 52.9081	 
10721) 52.9125	 
10722) 52.9081	 
10723) 52.9125	 
10724) 52.9081	 
10725) 51.5057	 
10726) 24.7287	 
10727) 0.831687	 
10809) 1.4068	 
10810) 28.1795	 
10811) 52.081	 
10812) 52.9083	 
10813) 52.9127	 
10814) 52.9083	 
10815) 52.9127	 
10816) 52.9083	 
10817) 52.9126	 
10818) 52.9083	 
10819) 52.9126	 
10820) 52.9083	 
10821) 52.9126	 
10822) 52.9083	 
10823) 52.9127	 
10824) 52.9083	 
10825) 51.5059	 
10826) 24.7288	 
10827) 0.83169	 
10909) 1.40585	 
10910) 28.1605	 
10911) 52.046	 
10912) 52.8727	 
10913) 52.8771	 
10914) 52.8727	 
10915) 52.8771	 
10916) 52.8727	 
10917) 52.8771	 
10918) 52.8727	 
10919) 52.8771	 
10920) 52.8727	 
10921) 52.8771	 
10922) 52.8727	 
10923) 52.8771	 
10924) 52.8727	 
10925) 51.4713	 
10926) 24.7122	 
10927) 0.831132	 
11009) 1.4073	 
11010) 28.1895	 
11011) 52.0994	 
11012) 52.927	 
11013) 52.9314	 
11014) 52.927	 
11015) 52.9314	 
11016) 52.927	 
11017) 52.9313	 
11018) 52.927	 
11019) 52.9314	 
11020) 52.927	 
11021) 52.9314	 
11022) 52.927	 
11023) 52.9313	 
11024) 52.927	 
11025) 51.524	 
11026) 24.7376	 
11027) 0.831985	 
11109) 1.40586	 
11110) 28.1607	 
11111) 52.0462	 
11112) 52.8729	 
11113) 52.8773	 
11114) 52.873	 
11115) 52.8773	 
11116) 52.873	 
11117) 52.8773	 
11118) 52.873	 
11119) 52.8773	 
11120) 52.873	 
11121) 52.8773	 
11122) 52.8729	 
11123) 52.8773	 
11124) 52.873	 
11125) 51.4715	 
11126) 24.7123	 
11127) 0.831135	 
11209) 1.4068	 
11210) 28.1794	 
11211) 52.0809	 
11212) 52.9082	 
11213) 52.9126	 
11214) 52.9082	 
11215) 52.9126	 
11216) 52.9082	 
11217) 52.9126	 
11218) 52.9082	 
11219) 52.9125	 
11220) 52.9082	 
11221) 52.9125	 
11222) 52.9082	 
11223) 52.9126	 
11224) 52.9082	 
11225) 51.5058	 
11226) 24.7288	 
11227) 0.831689	 
11309) 1.4068	 
11310) 28.1795	 
11311) 52.081	 
11312) 52.9083	 
11313) 52.9126	 
11314) 52.9083	 
11315) 52.9126	 
11316) 52.9083	 
11317) 52.9126	 
11318) 52.9083	 
11319) 52.9126	 
11320) 52.9083	 
11321) 52.9127	 
11322) 52.9083	 
11323) 52.9126	 
11324) 52.9083	 
11325) 51.5058	 
11326) 24.7288	 
11327) 0.83169	 
11409) 1.40585	 
11410) 28.1605	 
11411) 52.0459	 
11412) 52.8727	 
11413) 52.877	 
11414) 52.8727	 
11415) 52.877	 
11416) 52.8727	 
11417) 52.877	 
11418) 52.8727	 
11419) 52.877	 
11420) 52.8727	 
11421) 52.877	 
11422) 52.8727	 
11423) 52.877	 
11424) 52.8727	 
11425) 51.4712	 
11426) 24.7122	 
11427) 0.83113	 
11509) 1.4073	 
11510) 28.1895	 
11511) 52.0994	 
11512) 52.927	 
11513) 52.9314	 
11514) 52.927	 
11515) 52.9313	 
11516) 52.927	 
11517) 52.9313	 
11518) 52.927	 
11519) 52.9313	 
11520) 52.927	 
11521) 52.9313	 
11522) 52.927	 
11523) 52.9313	 
11524) 52.927	 
11525) 51.524	 
11526) 24.7376	 
11527) 0.831985	 
11609) 1.40586	 
11610) 28.1606	 
11611) 52.0461	 
11612) 52.8729	 
11613) 52.8772	 
11614) 52.8729	 
11615) 52.8772	 
11616) 52.8729	 
11617) 52.8772	 
11618) 52.8729	 
11619) 52.8772	 
11620) 52.8729	 
11621) 52.8773	 
11622) 52.8729	 
11623) 52.8772	 
11624) 52.8729	 
11625) 51.4714	 
11626) 24.7123	 
11627) 0.831134	 
11709) 1.4068	 
11710) 28.1795	 
11711) 52.081	 
11712) 52.9083	 
11713) 52.9126	 
11714) 52.9082	 
11715) 52.9126	 
11716) 52.9083	 
11717) 52.9126	 
11718) 52.9083	 
11719) 52.9126	 
11720) 52.9083	 
11721) 52.9126	 
11722) 52.9083	 
11723) 52.9126	 
11724) 52.9083	 
11725) 51.5058	 
11726) 24.7288	 
11727) 0.83169	 
11809) 1.4068	 
11810) 28.1795	 
11811) 52.081	 
11812) 52.9083	 
11813) 52.9126	 
11814) 52.9083	 
11815) 52.9127	 
11816) 52.9083	 
11817) 52.9126	 
11818) 52.9083	 
11819) 52.9126	 
11820) 52.9083	 
11821) 52.9127	 
11822) 52.9083	 
11823) 52.9126	 
11824) 52.9083	 
11825) 51.5058	 
11826) 24.7288	 
11827) 0.83169	 
11909) 1.35477	 
11910) 27.1373	 
11911) 50.1548	 
11912) 50.9516	 
11913) 50.9558	 
11914) 50.9516	 
11915) 50.9557	 
11916) 50.9515	 
11917) 50.9557	 
11918) 50.9516	 
11919) 50.9558	 
11920) 50.9516	 
11921) 50.9557	 
11922) 50.9515	 
11923) 50.9557	 
11924) 50.9515	 
11925) 49.601	 
11926) 23.8143	 
11927) 0.800931	 
12009) 0.588986	 
12010) 11.7979	 
12011) 21.8048	 
12012) 22.1512	 
12013) 22.153	 
12014) 22.1512	 
12015) 22.153	 
12016) 22.1512	 
12017) 22.153	 
12018) 22.1512	 
12019) 22.153	 
12020) 22.1512	 
12021) 22.153	 
12022) 22.1512	 
12023) 22.153	 
12024) 22.1512	 
12025) 21.564	 
12026) 10.3532	 
12027) 0.348205	 
12109) 0.0128606	 
12110) 0.257609	 
12111) 0.47611	 
12112) 0.483673	 
12113) 0.483713	 
12114) 0.483673	 
12115) 0.483713	 
12116) 0.483673	 
12117) 0.483713	 
12118) 0.483673	 
12119) 0.483713	 
12120) 0.483673	 
12121) 0.483713	 
12122) 0.483673	 
12123) 0.483713	 
12124) 0.483673	 
12125) 0.470852	 
12126) 0.226064	 
12127) 0.00760308	 
14909) 0.0510812	 
14910) 1.0232	 
14911) 1.89107	 
14912) 1.92111	 
14913) 1.92127	 
14914) 1.92111	 
14915) 1.92127	 
14916) 1.92111	 
14917) 1.92127	 
14918) 1.92111	 
14919) 1.92127	 
14920) 1.92111	 
14921) 1.92127	 
14922) 1.92111	 
14923) 1.92127	 
14924) 1.92111	 
14925) 1.87019	 
14926) 0.89791	 
14927) 0.0301989	 
15009) 0.81831	 
15010) 16.3915	 
15011) 30.2946	 
15012) 30.7758	 
15013) 30.7784	 
15014) 30.7758	 
15015) 30.7784	 
15016) 30.7758	 
15017) 30.7784	 
15018) 30.7758	 
15019) 30.7784	 
15020) 30.7758	 
15021) 30.7784	 
15022) 30.7758	 
15023) 30.7784	 
15024) 30.7758	 
15025) 29.9601	 
15026) 14.3843	 
15027) 0.48378	 
15109) 1.39299	 
15110) 27.9029	 
15111) 51.5698	 
15112) 52.389	 
15113) 52.3933	 
15114) 52.389	 
15115) 52.3933	 
15116) 52.389	 
15117) 52.3933	 
15118) 52.389	 
15119) 52.3933	 
15120) 52.389	 
15121) 52.3933	 
15122) 52.389	 
15123) 52.3933	 
15124) 52.389	 
15125) 51.0003	 
15126) 24.4861	 
15127) 0.823527	 
15209) 1.4068	 
15210) 28.1796	 
15211) 52.081	 
15212) 52.9084	 
15213) 52.9127	 
15214) 52.9084	 
15215) 52.9127	 
15216) 52.9084	 
15217) 52.9127	 
15218) 52.9084	 
15219) 52.9127	 
15220) 52.9084	 
15221) 52.9127	 
15222) 52.9084	 
15223) 52.9127	 
15224) 52.9084	 
15225) 51.5059	 
15226) 24.7289	 
15227) 0.831692	 
15309) 1.4068	 
15310) 28.1795	 
15311) 52.0811	 
15312) 52.9084	 
15313) 52.9128	 
15314) 52.9084	 
15315) 52.9128	 
15316) 52.9084	 
15317) 52.9128	 
15318) 52.9084	 
15319) 52.9128	 
15320) 52.9084	 
15321) 52.9127	 
15322) 52.9084	 
15323) 52.9128	 
15324) 52.9084	 
15325) 51.5059	 
15326) 24.7289	 
15327) 0.831692	 
15409) 1.40585	 
15410) 28.1605	 
15411) 52.0459	 
15412) 52.8726	 
15413) 52.877	 
15414) 52.8727	 
15415) 52.877	 
15416) 52.8727	 
15417) 52.877	 
15418) 52.8727	 
15419) 52.877	 
15420) 52.8727	 
15421) 52.877	 
15422) 52.8726	 
15423) 52.877	 
15424) 52.8726	 
15425) 51.4712	 
15426) 24.7122	 
15427) 0.83113	 
15509) 1.4073	 
15510) 28.1895	 
15511) 52.0994	 
15512) 52.927	 
15513) 52.9313	 
15514) 52.927	 
15515) 52.9313	 
15516) 52.927	 
15517) 52.9313	 
15518) 52.927	 
15519) 52.9313	 
15520) 52.927	 
15521) 52.9314	 
15522) 52.927	 
15523) 52.9313	 
15524) 52.927	 
15525) 51.524	 
15526) 24.7376	 
15527) 0.831985	 
15609) 1.40585	 
15610) 28.1605	 
15611) 52.0459	 
15612) 52.8727	 
15613) 52.877	 
15614) 52.8727	 
15615) 52.877	 
15616) 52.8727	 
15617) 52.877	 
15618) 52.8727	 
15619) 52.877	 
15620) 52.8727	 
15621) 52.877	 
15622) 52.8727	 
15623) 52.877	 
15624) 52.8727	 
15625) 51.4712	 
15626) 24.7122	 
15627) 0.831131	 
15709) 1.40681	 
15710) 28.1796	 
15711) 52.0812	 
15712) 52.9085	 
15713) 52.9129	 
15714) 52.9085	 
15715) 52.9129	 
15716) 52.9085	 
15717) 52.9129	 
15718) 52.9085	 
15719) 52.9128	 
15720) 52.9085	 
15721) 52.9129	 
15722) 52.9085	 
15723) 52.9128	 
15724) 52.9085	 
15725) 51.506	 
15726) 24.7289	 
15727) 0.831694	 
15809) 1.4068	 
15810) 28.1795	 
15811) 52.0809	 
15812) 52.9083	 
15813) 52.9126	 
15814) 52.9083	 
15815) 52.9126	 
15816) 52.9083	 
15817) 52.9126	 
15818) 52.9083	 
15819) 52.9126	 
15820) 52.9083	 
15821) 52.9126	 
15822) 52.9083	 
15823) 52.9126	 
15824) 52.9082	 
15825) 51.5058	 
15826) 24.7288	 
15827) 0.831689	 
15909) 1.40585	 
15910) 28.1605	 
15911) 52.0459	 
15912) 52.8726	 
15913) 52.8771	 
15914) 52.8727	 
15915) 52.877	 
15916) 52.8727	 
15917) 52.877	 
15918) 52.8727	 
15919) 52.877	 
15920) 52.8727	 
15921) 52.877	 
15922) 52.8726	 
15923) 52.877	 
15924) 52.8727	 
15925) 51.4711	 
15926) 24.7122	 
15927) 0.83113	 
16009) 1.4073	 
16010) 28.1895	 
16011) 52.0994	 
16012) 52.927	 
16013) 52.9314	 
16014) 52.927	 
16015) 52.9313	 
16016) 52.927	 
16017) 52.9313	 
16018) 52.927	 
16019) 52.9313	 
16020) 52.927	 
16021) 52.9313	 
16022) 52.927	 
16023) 52.9313	 
16024) 52.927	 
16025) 51.524	 
16026) 24.7376	 
16027) 0.831985	 
16109) 1.40585	 
16110) 28.1605	 
16111) 52.0459	 
16112) 52.8727	 
16113) 52.877	 
16114) 52.8727	 
16115) 52.877	 
16116) 52.8727	 
16117) 52.877	 
16118) 52.8727	 
16119) 52.877	 
16120) 52.8727	 
16121) 52.877	 
16122) 52.8727	 
16123) 52.877	 
16124) 52.8727	 
16125) 51.4712	 
16126) 24.7122	 
16127) 0.831131	 
16209) 1.40681	 
16210) 28.1796	 
16211) 52.0812	 
16212) 52.9085	 
16213) 52.9129	 
16214) 52.9085	 
16215) 52.9129	 
16216) 52.9085	 
16217) 52.9129	 
16218) 52.9085	 
16219) 52.9129	 
16220) 52.9085	 
16221) 52.9129	 
16222) 52.9085	 
16223) 52.9129	 
16224) 52.9085	 
16225) 51.506	 
16226) 24.7289	 
16227) 0.831694	 
16309) 1.4068	 
16310) 28.1795	 
16311) 52.0809	 
16312) 52.9083	 
16313) 52.9126	 
16314) 52.9083	 
16315) 52.9126	 
16316) 52.9083	 
16317) 52.9126	 
16318) 52.9083	 
16319) 52.9126	 
16320) 52.9083	 
16321) 52.9126	 
16322) 52.9082	 
16323) 52.9126	 
16324) 52.9083	 
16325) 51.5058	 
16326) 24.7288	 
16327) 0.831689	 
16409) 1.40585	 
16410) 28.1605	 
16411) 52.0459	 
16412) 52.8726	 
16413) 52.877	 
16414) 52.8727	 
16415) 52.877	 
16416) 52.8726	 
16417) 52.877	 
16418) 52.8727	 
16419) 52.877	 
16420) 52.8727	 
16421) 52.877	 
16422) 52.8726	 
16423) 52.877	 
16424) 52.8726	 
16425) 51.4712	 
16426) 24.7122	 
16427) 0.83113	 
16509) 1.4073	 
16510) 28.1895	 
16511) 52.0994	 
16512) 52.927	 
16513) 52.9314	 
16514) 52.927	 
16515) 52.9313	 
16516) 52.927	 
16517) 52.9313	 
16518) 52.927	 
16519) 52.9313	 
16520) 52.927	 
16521) 52.9313	 
16522) 52.927	 
16523) 52.9313	 
16524) 52.927	 
16525) 51.5241	 
16526) 24.7376	 
16527) 0.831985	 
16609) 1.40585	 
16610) 28.1605	 
16611) 52.0459	 
16612) 52.8727	 
16613) 52.877	 
16614) 52.8727	 
16615) 52.877	 
16616) 52.8727	 
16617) 52.877	 
16618) 52.8727	 
16619) 52.877	 
16620) 52.8727	 
16621) 52.877	 
16622) 52.8727	 
16623) 52.877	 
16624) 52.8727	 
16625) 51.4712	 
16626) 24.7122	 
16627) 0.831131	 
16709) 1.4068	 
16710) 28.1795	 
16711) 52.081	 
16712) 52.9084	 
16713) 52.9127	 
16714) 52.9084	 
16715) 52.9127	 
16716) 52.9084	 
16717) 52.9127	 
16718) 52.9084	 
16719) 52.9127	 
16720) 52.9083	 
16721) 52.9127	 
16722) 52.9083	 
16723) 52.9127	 
16724) 52.9084	 
16725) 51.5059	 
16726) 24.7289	 
16727) 0.831692	 
16809) 1.4068	 
16810) 28.1795	 
16811) 52.0811	 
16812) 52.9084	 
16813) 52.9127	 
16814) 52.9084	 
16815) 52.9127	 
16816) 52.9084	 
16817) 52.9127	 
16818) 52.9084	 
16819) 52.9127	 
16820) 52.9084	 
16821) 52.9127	 
16822) 52.9084	 
16823) 52.9127	 
16824) 52.9084	 
16825) 51.5059	 
16826) 24.7289	 
16827) 0.831692	 
16909) 1.40585	 
16910) 28.1605	 
16911) 52.0459	 
16912) 52.8727	 
16913) 52.8771	 
16914) 52.8727	 
16915) 52.8771	 
16916) 52.8727	 
16917) 52.877	 
16918) 52.8727	 
16919) 52.877	 
16920) 52.8727	 
16921) 52.877	 
16922) 52.8727	 
16923) 52.877	 
16924) 52.8727	 
16925) 51.4712	 
16926) 24.7122	 
16927) 0.831131	 
17009) 1.4073	 
17010) 28.1895	 
17011) 52.0994	 
17012) 52.927	 
17013) 52.9313	 
17014) 52.927	 
17015) 52.9314	 
17016) 52.927	 
17017) 52.9313	 
17018) 52.927	 
17019) 52.9313	 
17020) 52.927	 
17021) 52.9313	 
17022) 52.927	 
17023) 52.9314	 
17024) 52.927	 
17025) 51.524	 
17026) 24.7376	 
17027) 0.831985	 
17109) 1.40586	 
17110) 28.1606	 
17111) 52.046	 
17112) 52.8728	 
17113) 52.8771	 
17114) 52.8728	 
17115) 52.8771	 
17116) 52.8728	 
17117) 52.8771	 
17118) 52.8728	 
17119) 52.8771	 
17120) 52.8728	 
17121) 52.8771	 
17122) 52.8728	 
17123) 52.8771	 
17124) 52.8728	 
17125) 51.4713	 
17126) 24.7122	 
17127) 0.831132	 
17209) 1.40681	 
17210) 28.1796	 
17211) 52.0812	 
17212) 52.9085	 
17213) 52.9129	 
17214) 52.9085	 
17215) 52.9128	 
17216) 52.9085	 
17217) 52.9128	 
17218) 52.9085	 
17219) 52.9128	 
17220) 52.9085	 
17221) 52.9128	 
17222) 52.9085	 
17223) 52.9128	 
17224) 52.9085	 
17225) 51.5061	 
17226) 24.7289	 
17227) 0.831694	 
17309) 1.4068	 
17310) 28.1794	 
17311) 52.0808	 
17312) 52.9082	 
17313) 52.9125	 
17314) 52.9082	 
17315) 52.9125	 
17316) 52.9082	 
17317) 52.9125	 
17318) 52.9082	 
17319) 52.9125	 
17320) 52.9082	 
17321) 52.9125	 
17322) 52.9082	 
17323) 52.9125	 
17324) 52.9082	 
17325) 51.5057	 
17326) 24.7288	 
17327) 0.831688	 
17409) 1.40585	 
17410) 28.1605	 
17411) 52.0459	 
17412) 52.8726	 
17413) 52.877	 
17414) 52.8726	 
17415) 52.877	 
17416) 52.8727	 
17417) 52.877	 
17418) 52.8727	 
17419) 52.877	 
17420) 52.8727	 
17421) 52.877	 
17422) 52.8727	 
17423) 52.877	 
17424) 52.8727	 
17425) 51.4712	 
17426) 24.7122	 
17427) 0.83113	 
17509) 1.4073	 
17510) 28.1895	 
17511) 52.0994	 
17512) 52.927	 
17513) 52.9314	 
17514) 52.927	 
17515) 52.9313	 
17516) 52.927	 
17517) 52.9313	 
17518) 52.927	 
17519) 52.9313	 
17520) 52.927	 
17521) 52.9313	 
17522) 52.927	 
17523) 52.9314	 
17524) 52.927	 
17525) 51.524	 
17526) 24.7376	 
17527) 0.831985	 
17609) 1.40586	 
17610) 28.1606	 
17611) 52.046	 
17612) 52.8728	 
17613) 52.8771	 
17614) 52.8728	 
17615) 52.8771	 
17616) 52.8728	 
17617) 52.8771	 
17618) 52.8728	 
17619) 52.8771	 
17620) 52.8728	 
17621) 52.8771	 
17622) 52.8727	 
17623) 52.8771	 
17624) 52.8728	 
17625) 51.4713	 
17626) 24.7122	 
17627) 0.831132	 
17709) 1.40681	 
17710) 28.1796	 
17711) 52.0812	 
17712) 52.9085	 
17713) 52.9128	 
17714) 52.9085	 
17715) 52.9128	 
17716) 52.9085	 
17717) 52.9128	 
17718) 52.9085	 
17719) 52.9128	 
17720) 52.9085	 
17721) 52.9128	 
17722) 52.9085	 
17723) 52.9128	 
17724) 52.9085	 
17725) 51.506	 
17726) 24.7289	 
17727) 0.831694	 
17809) 1.4068	 
17810) 28.1794	 
17811) 52.0808	 
17812) 52.9082	 
17813) 52.9125	 
17814) 52.9082	 
17815) 52.9125	 
17816) 52.9082	 
17817) 52.9125	 
17818) 52.9082	 
17819) 52.9125	 
17820) 52.9082	 
17821) 52.9125	 
17822) 52.9082	 
17823) 52.9125	 
17824) 52.9082	 
17825) 51.5057	 
17826) 24.7288	 
17827) 0.831688	 
17909) 1.40585	 
17910) 28.1605	 
17911) 52.0459	 
17912) 52.8727	 
17913) 52.877	 
17914) 52.8727	 
17915) 52.877	 
17916) 52.8727	 
17917) 52.877	 
17918) 52.8727	 
17919) 52.877	 
17920) 52.8727	 
17921) 52.877	 
17922) 52.8727	 
17923) 52.877	 
17924) 52.8727	 
17925) 51.4712	 
17926) 24.7122	 
17927) 0.83113	 
18009) 1.4073	 
18010) 28.1895	 
18011) 52.0994	 
18012) 52.927	 
18013) 52.9314	 
18014) 52.927	 
18015) 52.9313	 
18016) 52.927	 
18017) 52.9313	 
18018) 52.927	 
18019) 52.9313	 
18020) 52.927	 
18021) 52.9313	 
18022) 52.927	 
18023) 52.9313	 
18024) 52.927	 
18025) 51.524	 
18026) 24.7376	 
18027) 0.831985	 
18109) 1.40586	 
18110) 28.1606	 
18111) 52.046	 
18112) 52.8728	 
18113) 52.8771	 
18114) 52.8728	 
18115) 52.8771	 
18116) 52.8728	 
18117) 52.8771	 
18118) 52.8728	 
18119) 52.8771	 
18120) 52.8728	 
18121) 52.8771	 
18122) 52.8728	 
18123) 52.8771	 
18124) 52.8728	 
18125) 51.4713	 
18126) 24.7122	 
18127) 0.831132	 
18209) 1.4068	 
18210) 28.1795	 
18211) 52.081	 
18212) 52.9083	 
18213) 52.9127	 
18214) 52.9084	 
18215) 52.9127	 
18216) 52.9083	 
18217) 52.9127	 
18218) 52.9083	 
18219) 52.9127	 
18220) 52.9083	 
18221) 52.9127	 
18222) 52.9083	 
18223) 52.9127	 
18224) 52.9083	 
18225) 51.5059	 
18226) 24.7289	 
18227) 0.831691	 
18309) 1.4068	 
18310) 28.1795	 
18311) 52.081	 
18312) 52.9083	 
18313) 52.9127	 
18314) 52.9083	 
18315) 52.9127	 
18316) 52.9083	 
18317) 52.9127	 
18318) 52.9083	 
18319) 52.9127	 
18320) 52.9083	 
18321) 52.9127	 
18322) 52.9083	 
18323) 52.9127	 
18324) 52.9083	 
18325) 51.5059	 
18326) 24.7288	 
18327) 0.83169	 
18409) 1.40585	 
18410) 28.1605	 
18411) 52.0459	 
18412) 52.8727	 
18413) 52.8771	 
18414) 52.8727	 
18415) 52.877	 
18416) 52.8727	 
18417) 52.877	 
18418) 52.8727	 
18419) 52.877	 
18420) 52.8727	 
18421) 52.8771	 
18422) 52.8727	 
18423) 52.8771	 
18424) 52.8727	 
18425) 51.4712	 
18426) 24.7122	 
18427) 0.831131	 
18509) 1.4073	 
18510) 28.1895	 
18511) 52.0994	 
18512) 52.927	 
18513) 52.9313	 
18514) 52.927	 
18515) 52.9313	 
18516) 52.927	 
18517) 52.9313	 
18518) 52.927	 
18519) 52.9313	 
18520) 52.927	 
18521) 52.9313	 
18522) 52.927	 
18523) 52.9313	 
18524) 52.927	 
18525) 51.5241	 
18526) 24.7376	 
18527) 0.831985	 
18609) 1.40586	 
18610) 28.1607	 
18611) 52.0462	 
18612) 52.8729	 
18613) 52.8773	 
18614) 52.8729	 
18615) 52.8773	 
18616) 52.8729	 
18617) 52.8773	 
18618) 52.8729	 
18619) 52.8773	 
18620) 52.873	 
18621) 52.8773	 
18622) 52.873	 
18623) 52.8773	 
18624) 52.8729	 
18625) 51.4714	 
18626) 24.7123	 
18627) 0.831135	 
18709) 1.4068	 
18710) 28.1794	 
18711) 52.0809	 
18712) 52.9082	 
18713) 52.9125	 
18714) 52.9082	 
18715) 52.9125	 
18716) 52.9082	 
18717) 52.9125	 
18718) 52.9082	 
18719) 52.9125	 
18720) 52.9082	 
18721) 52.9126	 
18722) 52.9082	 
18723) 52.9125	 
18724) 52.9082	 
18725) 51.5057	 
18726) 24.7288	 
18727) 0.831689	 
18809) 1.4068	 
18810) 28.1795	 
18811) 52.081	 
18812) 52.9083	 
18813) 52.9127	 
18814) 52.9083	 
18815) 52.9127	 
18816) 52.9083	 
18817) 52.9127	 
18818) 52.9083	 
18819) 52.9127	 
18820) 52.9083	 
18821) 52.9127	 
18822) 52.9083	 
18823) 52.9127	 
18824) 52.9083	 
18825) 51.5059	 
18826) 24.7288	 
18827) 0.83169	 
18909) 1.35477	 
18910) 27.1373	 
18911) 50.1548	 
18912) 50.9516	 
18913) 50.9558	 
18914) 50.9516	 
18915) 50.9558	 
18916) 50.9516	 
18917) 50.9558	 
18918) 50.9516	 
18919) 50.9557	 
18920) 50.9516	 
18921) 50.9558	 
18922) 50.9516	 
18923) 50.9558	 
18924) 50.9516	 
18925) 49.4563	 
18926) 24.123	 
18927) 1.82985	 
18928) 1.00621	 
18929) 1.00629	 
18930) 1.00621	 
18931) 1.00629	 
18932) 1.00621	 
18933) 1.00629	 
18934) 1.00621	 
18935) 1.00629	 
18936) 1.00621	 
18937) 1.00629	 
18938) 1.00621	 
18939) 1.00629	 
18940) 1.00621	 
18941) 1.00629	 
18942) 1.00621	 
18943) 1.00629	 
18944) 1.00621	 
18945) 1.00629	 
18946) 1.00621	 
18947) 1.00629	 
18948) 1.00621	 
18949) 1.00629	 
18950) 1.00621	 
18951) 1.00629	 
18952) 1.00621	 
18953) 1.00629	 
18954) 1.00621	 
18955) 1.00629	 
18956) 1.00621	 
18957) 1.00629	 
18958) 1.00621	 
18959) 1.00629	 
18960) 1.00621	 
18961) 1.00629	 
18962) 1.00621	 
18963) 1.00629	 
18964) 1.00621	 
18965) 1.00629	 
18966) 1.00621	 
18967) 1.00629	 
18968) 1.00621	 
18969) 1.00629	 
18970) 1.00621	 
18971) 1.00629	 
18972) 1.00621	 
18973) 1.00629	 
18974) 1.00621	 
18975) 1.00629	 
18976) 1.00621	 
18977) 1.00629	 
18978) 1.00621	 
18979) 1.00629	 
18980) 1.00621	 
18981) 1.00629	 
18982) 1.00621	 
18983) 1.00629	 
18984) 1.00621	 
18985) 1.00629	 
18986) 1.00621	 
18987) 1.00629	 
18988) 1.00621	 
18989) 1.00629	 
18990) 1.00621	 
18991) 1.00629	 
18992) 1.00621	 
18993) 1.00629	 
18994) 1.00621	 
18995) 1.00629	 
18996) 1.00621	 
18997) 1.02427	 
18998) 0.732779	 
18999) 0.0586032	 
19009) 0.588986	 
19010) 11.7979	 
19011) 21.8048	 
19012) 22.1512	 
19013) 22.153	 
19014) 22.1512	 
19015) 22.153	 
19016) 22.1512	 
19017) 22.153	 
19018) 22.1512	 
19019) 22.153	 
19020) 22.1512	 
19021) 22.153	 
19022) 22.1512	 
19023) 22.153	 
19024) 22.1512	 
19025) 21.4622	 
19026) 13.7237	 
19027) 6.59688	 
19028) 6.03725	 
19029) 6.03775	 
19030) 6.03725	 
19031) 6.03775	 
19032) 6.03725	 
19033) 6.03775	 
19034) 6.03725	 
19035) 6.03775	 
19036) 6.03725	 
19037) 6.03775	 
19038) 6.03725	 
19039) 6.03775	 
19040) 6.03725	 
19041) 6.03775	 
19042) 6.03725	 
19043) 6.03775	 
19044) 6.03725	 
19045) 6.03775	 
19046) 6.03725	 
19047) 6.03775	 
19048) 6.03725	 
19049) 6.03775	 
19050) 6.03725	 
19051) 6.03775	 
19052) 6.03725	 
19053) 6.03775	 
19054) 6.03725	 
19055) 6.03775	 
19056) 6.03725	 
19057) 6.03775	 
19058) 6.03725	 
19059) 6.03775	 
19060) 6.03725	 
19061) 6.03775	 
19062) 6.03725	 
19063) 6.03775	 
19064) 6.03725	 
19065) 6.03775	 
19066) 6.03725	 
19067) 6.03775	 
19068) 6.03725	 
19069) 6.03775	 
19070) 6.03725	 
19071) 6.03775	 
19072) 6.03725	 
19073) 6.03775	 
19074) 6.03725	 
19075) 6.03775	 
19076) 6.03725	 
19077) 6.03775	 
19078) 6.03725	 
19079) 6.03775	 
19080) 6.03725	 
19081) 6.03775	 
19082) 6.03725	 
19083) 6.03775	 
19084) 6.03725	 
19085) 6.03775	 
19086) 6.03725	 
19087) 6.03775	 
19088) 6.03725	 
19089) 6.03775	 
19090) 6.03725	 
19091) 6.03775	 
19092) 6.03725	 
19093) 6.03775	 
19094) 6.03725	 
19095) 6.03775	 
19096) 6.03725	 
19097) 6.14559	 
19098) 4.39667	 
19099) 0.351619	 
19109) 0.0128606	 
19110) 0.257609	 
19111) 0.47611	 
19112) 0.483673	 
19113) 0.483713	 
19114) 0.483673	 
19115) 0.483713	 
19116) 0.483673	 
19117) 0.483713	 
19118) 0.483673	 
19119) 0.483713	 
19120) 0.483673	 
19121) 0.483713	 
19122) 0.483673	 
19123) 0.483713	 
19124) 0.483673	 
19125) 0.495813	 
19126) 0.870434	 
19127) 1.05304	 
19128) 1.00621	 
19129) 1.00629	 
19130) 1.00621	 
19131) 1.00629	 
19132) 1.00621	 
19133) 1.00629	 
19134) 1.00621	 
19135) 1.00629	 
19136) 1.00621	 
19137) 1.00629	 
19138) 1.00621	 
19139) 1.00629	 
19140) 1.00621	 
19141) 1.00629	 
19142) 1.00621	 
19143) 1.00629	 
19144) 1.00621	 
19145) 1.00629	 
19146) 1.00621	 
19147) 1.00629	 
19148) 1.00621	 
19149) 1.00629	 
19150) 1.00621	 
19151) 1.00629	 
19152) 1.00621	 
19153) 1.00629	 
19154) 1.00621	 
19155) 1.00629	 
19156) 1.00621	 
19157) 1.00629	 
19158) 1.00621	 
19159) 1.00629	 
19160) 1.00621	 
19161) 1.00629	 
19162) 1.00621	 
19163) 1.00629	 
19164) 1.00621	 
19165) 1.00629	 
19166) 1.00621	 
19167) 1.00629	 
19168) 1.00621	 
19169) 1.00629	 
19170) 1.00621	 
19171) 1.00629	 
19172) 1.00621	 
19173) 1.00629	 
19174) 1.00621	 
19175) 1.00629	 
19176) 1.00621	 
19177) 1.00629	 
19178) 1.00621	 
19179) 1.00629	 
19180) 1.00621	 
19181) 1.00629	 
19182) 1.00621	 
19183) 1.00629	 
19184) 1.00621	 
19185) 1.00629	 
19186) 1.00621	 
19187) 1.00629	 
19188) 1.00621	 
19189) 1.00629	 
19190) 1.00621	 
19191) 1.00629	 
19192) 1.00621	 
19193) 1.00629	 
19194) 1.00621	 
19195) 1.00629	 
19196) 1.00621	 
19197) 1.02427	 
19198) 0.732779	 
19199) 0.0586032	 
