1799) 0.00705987	 
1800) 0.0699408	 
1801) 0.1031	 
1802) 0.116455	 
1803) 0.141501	 
1804) 0.184155	 
1805) 0.217385	 
1806) 0.224386	 
1807) 0.225089	 
1808) 0.22532	 
1809) 0.225805	 
1810) 0.226217	 
1811) 0.226717	 
1812) 0.226952	 
1813) 0.226954	 
1814) 0.226022	 
1815) 0.214854	 
1816) 0.173881	 
1817) 0.131483	 
1818) 0.111566	 
1819) 0.100768	 
1820) 0.0558557	 
1821) 0.002981	 
1939) 0.00425819	 
1940) 0.00937518	 
1941) 0.00963731	 
2183) 0.0101593	 
2184) 0.0918482	 
2185) 0.129303	 
2186) 0.14184	 
2187) 0.166003	 
2188) 0.196231	 
2189) 0.242273	 
2190) 0.254596	 
2191) 0.255975	 
2192) 0.256813	 
2193) 0.257762	 
2194) 0.262783	 
2195) 0.275306	 
2196) 0.281696	 
2197) 0.285081	 
2198) 0.28526	 
2199) 0.271349	 
2200) 0.219769	 
2201) 0.16624	 
2202) 0.141049	 
2203) 0.127395	 
2204) 0.0706158	 
2205) 0.00376879	 
2439) 0.0124383	 
2440) 0.0848374	 
2441) 0.110464	 
2442) 0.123131	 
2443) 0.148788	 
2444) 0.198628	 
2445) 0.24896	 
2446) 0.26109	 
2447) 0.258539	 
2448) 0.246472	 
2449) 0.231987	 
2450) 0.220426	 
2451) 0.219992	 
2452) 0.221173	 
2453) 0.224235	 
2454) 0.224619	 
2455) 0.21366	 
2456) 0.173056	 
2457) 0.130915	 
2458) 0.111085	 
2459) 0.100332	 
2460) 0.0556153	 
2461) 0.00296821	 
2567) 0.00354937	 
2568) 0.0139174	 
2569) 0.0109448	 
2570) 0.00802827	 
2571) 0.0100965	 
2572) 0.0144608	 
2573) 0.0192842	 
2574) 0.0202194	 
2575) 0.0189161	 
2576) 0.0134192	 
2577) 0.00189075	 
2823) 0.0159721	 
2824) 0.127168	 
2825) 0.173013	 
2826) 0.192154	 
2827) 0.231907	 
2828) 0.308462	 
2829) 0.383548	 
2830) 0.398055	 
2831) 0.38528	 
2832) 0.29949	 
2833) 0.284481	 
2834) 0.28433	 
2835) 0.285821	 
2836) 0.286476	 
2837) 0.286481	 
2838) 0.285307	 
2839) 0.271311	 
2840) 0.219741	 
2841) 0.16623	 
2842) 0.141056	 
2843) 0.127406	 
2844) 0.0706238	 
2845) 0.00376923	 
3079) 0.00647209	 
3080) 0.0679817	 
3081) 0.100966	 
3082) 0.111758	 
3083) 0.134491	 
3084) 0.177998	 
3085) 0.221212	 
3086) 0.232491	 
3087) 0.233204	 
3088) 0.23262	 
3089) 0.231387	 
3090) 0.22644	 
3091) 0.225237	 
3092) 0.225204	 
3093) 0.225182	 
3094) 0.224273	 
3095) 0.213329	 
3096) 0.172943	 
3097) 0.130901	 
3098) 0.111078	 
3099) 0.100326	 
3100) 0.0556112	 
3101) 0.00296797	 
3208) 0.00685764	 
3209) 0.0141272	 
3210) 0.0154749	 
3211) 0.0184345	 
3212) 0.0235781	 
3213) 0.0284349	 
3214) 0.0296977	 
3228) 1.52184e-07	 
3229) 2.04545e-09	 
3463) 0.00578606	 
3464) 0.0744894	 
3465) 0.11715	 
3466) 0.129588	 
3467) 0.156003	 
3468) 0.20946	 
3469) 0.267866	 
3470) 0.284784	 
3471) 0.286046	 
3472) 0.28505	 
3473) 0.277968	 
3474) 0.276768	 
3475) 0.276696	 
3476) 0.276729	 
3477) 0.27671	 
3478) 0.27557	 
3479) 0.263687	 
3480) 0.2173	 
3481) 0.166056	 
3482) 0.141054	 
3483) 0.127403	 
3484) 0.0706205	 
3485) 0.00376903	 
3719) 0.00555936	 
3720) 0.0653133	 
3721) 0.100114	 
3722) 0.110812	 
3723) 0.133553	 
3724) 0.180075	 
3725) 0.231785	 
3726) 0.247016	 
3727) 0.248152	 
3728) 0.248171	 
3729) 0.248108	 
3730) 0.248098	 
3731) 0.248015	 
3732) 0.247645	 
3733) 0.243429	 
3734) 0.22964	 
3735) 0.21388	 
3736) 0.17307	 
3737) 0.130928	 
3738) 0.111093	 
3739) 0.100336	 
3740) 0.0556164	 
3741) 0.00296824	 
3851) 0.00205133	 
3852) 0.00572675	 
3853) 0.00846613	 
3854) 0.00921091	 
3855) 0.00862244	 
3856) 0.00863049	 
3857) 0.00862358	 
3858) 0.00862095	 
3859) 0.00859082	 
3860) 0.00838145	 
3861) 0.00642551	 
3862) 0.00179735	 
3865) 5.43101e-06	 
3866) 4.90854e-06	 
3867) 3.27919e-06	 
3868) 1.83703e-06	 
3869) 9.20118e-08	 
4103) 0.00843145	 
4104) 0.0929956	 
4105) 0.14006	 
4106) 0.155549	 
4107) 0.189143	 
4108) 0.25312	 
4109) 0.315553	 
4110) 0.331906	 
4111) 0.333385	 
4112) 0.333437	 
4113) 0.333424	 
4114) 0.33343	 
4115) 0.333203	 
4116) 0.328312	 
4117) 0.292217	 
4118) 0.285326	 
4119) 0.271124	 
4120) 0.219701	 
4121) 0.166246	 
4122) 0.141065	 
4123) 0.127406	 
4124) 0.0706208	 
4125) 0.00376902	 
4359) 0.00495918	 
4360) 0.0627993	 
4361) 0.0994233	 
4362) 0.108972	 
4363) 0.130911	 
4364) 0.172504	 
4365) 0.213531	 
4366) 0.224551	 
4367) 0.22581	 
4368) 0.226344	 
4369) 0.226541	 
4370) 0.226605	 
4371) 0.226583	 
4372) 0.226495	 
4373) 0.226253	 
4374) 0.225203	 
4375) 0.213826	 
4376) 0.173146	 
4377) 0.130983	 
4378) 0.111141	 
4379) 0.10038	 
4380) 0.0556404	 
4381) 0.0029695	 
4496) 0.00431737	 
4497) 0.00943159	 
4498) 0.00970423	 
4499) 4.97764e-05	 
4500) 5.03454e-05	 
4501) 3.94434e-05	 
4502) 1.54264e-05	 
4743) 0.00582842	 
4744) 0.072393	 
4745) 0.111498	 
4746) 0.123253	 
4747) 0.148231	 
4748) 0.195934	 
4749) 0.243617	 
4750) 0.25708	 
4751) 0.262988	 
4752) 0.275421	 
4753) 0.281786	 
4754) 0.285226	 
4755) 0.286567	 
4756) 0.286653	 
4757) 0.286612	 
4758) 0.285407	 
4759) 0.2714	 
4760) 0.219814	 
4761) 0.166279	 
4762) 0.14109	 
4763) 0.127435	 
4764) 0.0706394	 
4765) 0.00377007	 
4999) 0.0165644	 
5000) 0.0895597	 
5001) 0.107746	 
5002) 0.120583	 
5003) 0.145364	 
5004) 0.193408	 
5005) 0.241606	 
5006) 0.244885	 
5007) 0.23197	 
5008) 0.220496	 
5009) 0.221159	 
5010) 0.224304	 
5011) 0.225612	 
5012) 0.225679	 
5013) 0.225645	 
5014) 0.224727	 
5015) 0.213771	 
5016) 0.17317	 
5017) 0.130946	 
5018) 0.111096	 
5019) 0.100344	 
5020) 0.0556234	 
5021) 0.00296867	 
5127) 0.00537263	 
5128) 0.0212427	 
5129) 0.0216452	 
5130) 0.0245148	 
5131) 0.0296234	 
5132) 0.0398597	 
5133) 0.050118	 
5134) 0.0487466	 
5135) 0.0379307	 
5136) 0.0336186	 
5137) 0.0346657	 
5138) 0.0353557	 
5139) 0.0354543	 
5140) 0.0354774	 
5141) 0.0350229	 
5142) 0.0342772	 
5143) 0.0325751	 
6023) 9.87106e-05	 
6024) 0.00436958	 
6025) 0.0076639	 
6026) 0.0085776	 
6027) 0.0110002	 
6028) 0.0215604	 
6029) 0.0322994	 
6030) 0.0379483	 
6031) 0.0651331	 
6032) 0.0652428	 
6033) 0.065331	 
6034) 0.0651779	 
6035) 0.0651039	 
6036) 0.0650625	 
6037) 0.0647105	 
6038) 0.0644358	 
6039) 0.0620615	 
6040) 0.0517789	 
6041) 0.0398	 
6042) 0.0338157	 
6043) 0.0305656	 
6044) 0.0172673	 
6045) 0.000976287	 
6151) 0.0724195	 
6152) 0.721903	 
6153) 1.05901	 
6154) 1.22154	 
6155) 1.47382	 
6156) 1.95919	 
6157) 2.44887	 
6158) 2.58272	 
6159) 2.59548	 
6160) 2.5927	 
6161) 2.58226	 
6162) 2.57732	 
6163) 2.57338	 
6164) 2.56858	 
6165) 2.5653	 
6166) 2.5492	 
6167) 2.42092	 
6168) 2.12246	 
6169) 1.599	 
6170) 1.35378	 
6171) 1.22473	 
6172) 0.73925	 
6173) 0.052508	 
6279) 0.37044	 
6280) 3.83201	 
6281) 5.67027	 
6282) 6.28559	 
6283) 7.57604	 
6284) 10.0216	 
6285) 12.4157	 
6286) 13.0441	 
6287) 13.1044	 
6288) 13.0951	 
6289) 13.0597	 
6290) 13.0565	 
6291) 13.0551	 
6292) 14.5531	 
6293) 14.48	 
6294) 14.3495	 
6295) 15.219	 
6296) 12.1995	 
6297) 9.11981	 
6298) 7.69502	 
6299) 6.95965	 
6300) 4.64036	 
6301) 0.46044	 
6407) 1.69026	 
6408) 13.8577	 
6409) 19.1451	 
6410) 21.2768	 
6411) 25.7192	 
6412) 34.0839	 
6413) 42.3887	 
6414) 44.4526	 
6415) 44.662	 
6416) 44.6507	 
6417) 44.5858	 
6418) 44.5472	 
6419) 44.5655	 
6420) 43.7308	 
6421) 40.6476	 
6422) 40.0548	 
6423) 37.9321	 
6424) 30.2295	 
6425) 22.4363	 
6426) 18.8638	 
6427) 17.0251	 
6428) 12.5096	 
6429) 1.69689	 
6535) 1.8759	 
6536) 12.9364	 
6537) 16.9139	 
6538) 18.7772	 
6539) 22.5454	 
6540) 29.1624	 
6541) 34.5559	 
6542) 35.4583	 
6543) 35.5085	 
6544) 35.4919	 
6545) 35.4497	 
6546) 35.4644	 
6547) 35.8824	 
6548) 37.0066	 
6549) 37.5724	 
6550) 38.4203	 
6551) 36.5858	 
6552) 29.1792	 
6553) 21.6597	 
6554) 18.2126	 
6555) 16.4331	 
6556) 12.0551	 
6557) 1.65299	 
6663) 0.352665	 
6664) 2.37012	 
6665) 3.07258	 
6666) 3.4041	 
6667) 4.0643	 
6668) 5.20892	 
6669) 6.11273	 
6670) 6.23518	 
6671) 6.25028	 
6672) 6.25171	 
6673) 6.24977	 
6674) 6.2582	 
6675) 6.3535	 
6676) 6.76575	 
6677) 7.39013	 
6678) 7.47206	 
6679) 7.03552	 
6680) 5.64089	 
6681) 4.21725	 
6682) 3.5586	 
6683) 3.21697	 
6684) 2.14169	 
6685) 0.218877	 
6791) 0.0212276	 
6792) 0.129465	 
6793) 0.163533	 
6794) 0.179405	 
6795) 0.206637	 
6796) 0.271511	 
6797) 0.335084	 
6798) 0.352958	 
6799) 0.357525	 
6800) 0.358969	 
6801) 0.359022	 
6802) 0.359091	 
6803) 0.359465	 
6804) 0.360949	 
6805) 0.359755	 
6806) 0.349749	 
6807) 0.327924	 
6808) 0.263385	 
6809) 0.198272	 
6810) 0.167105	 
6811) 0.150954	 
6812) 0.0842569	 
6813) 0.00460955	 
6919) 0.00580112	 
6920) 0.0226841	 
6921) 0.0226088	 
6922) 0.0243557	 
6923) 0.0254715	 
6924) 0.0293238	 
6925) 0.0363722	 
6926) 0.0396187	 
6927) 0.0404479	 
6928) 0.0405449	 
6929) 0.0405522	 
6930) 0.0403677	 
6931) 0.0399178	 
6932) 0.0398612	 
6933) 0.00390919	 
6934) 0.00381357	 
6935) 0.00320758	 
6936) 0.0017973	 
6937) 0.000991489	 
6938) 0.000800772	 
6939) 0.000720959	 
6940) 0.000411439	 
6941) 2.40772e-05	 
7175) 0.00832082	 
7176) 0.0938763	 
7177) 0.143766	 
7178) 0.132929	 
7179) 0.159829	 
7180) 0.210668	 
7181) 0.261117	 
7182) 0.275469	 
7183) 0.277158	 
7184) 0.277356	 
7185) 0.277852	 
7186) 0.28187	 
7187) 0.291738	 
7188) 0.295867	 
7189) 0.295982	 
7190) 0.293743	 
7191) 0.272618	 
7192) 0.219837	 
7193) 0.166261	 
7194) 0.141079	 
7195) 0.127422	 
7196) 0.070631	 
7197) 0.00376959	 
7431) 0.00340588	 
7432) 0.0563753	 
7433) 0.0948116	 
7434) 0.104354	 
7435) 0.124004	 
7436) 0.161454	 
7437) 0.196549	 
7438) 0.206023	 
7439) 0.206803	 
7440) 0.206967	 
7441) 0.207524	 
7442) 0.211647	 
7443) 0.221488	 
7444) 0.225588	 
7445) 0.225735	 
7446) 0.224799	 
7447) 0.213731	 
7448) 0.173102	 
7449) 0.130945	 
7450) 0.111106	 
7451) 0.100351	 
7452) 0.0556263	 
7453) 0.00296879	 
7571) 0.000323661	 
7572) 0.000647888	 
7573) 0.000659145	 
7815) 0.00566438	 
7816) 0.0772692	 
7817) 0.124119	 
7818) 0.136457	 
7819) 0.161076	 
7820) 0.212044	 
7821) 0.262007	 
7822) 0.274854	 
7823) 0.275966	 
7824) 0.276134	 
7825) 0.278042	 
7826) 0.283404	 
7827) 0.28582	 
7828) 0.286399	 
7829) 0.28655	 
7830) 0.285382	 
7831) 0.271383	 
7832) 0.219812	 
7833) 0.166289	 
7834) 0.141103	 
7835) 0.127442	 
7836) 0.0706408	 
7837) 0.00377008	 
8071) 0.00650487	 
8072) 0.0713922	 
8073) 0.10714	 
8074) 0.118556	 
8075) 0.142616	 
8076) 0.188621	 
8077) 0.234229	 
8078) 0.245899	 
8079) 0.246477	 
8080) 0.242438	 
8081) 0.228851	 
8082) 0.22413	 
8083) 0.224085	 
8084) 0.224616	 
8085) 0.225001	 
8086) 0.224605	 
8087) 0.213792	 
8088) 0.173176	 
8089) 0.131005	 
8090) 0.111156	 
8091) 0.100394	 
8092) 0.0556489	 
8093) 0.00296998	 
8455) 0.0101659	 
8456) 0.0918163	 
8457) 0.129507	 
8458) 0.14357	 
8459) 0.173095	 
8460) 0.229842	 
8461) 0.286394	 
8462) 0.296348	 
8463) 0.261553	 
8464) 0.255853	 
8465) 0.255566	 
8466) 0.255693	 
8467) 0.256373	 
8468) 0.257727	 
8469) 0.262815	 
8470) 0.274176	 
8471) 0.266628	 
8472) 0.218344	 
8473) 0.166172	 
8474) 0.141093	 
8475) 0.127435	 
8476) 0.0706378	 
8477) 0.00376995	 
8711) 0.0136763	 
8712) 0.0865605	 
8713) 0.10978	 
8714) 0.12253	 
8715) 0.148264	 
8716) 0.198479	 
8717) 0.249482	 
8718) 0.262979	 
8719) 0.263899	 
8720) 0.263789	 
8721) 0.263054	 
8722) 0.26098	 
8723) 0.257058	 
8724) 0.246254	 
8725) 0.23211	 
8726) 0.219692	 
8727) 0.209416	 
8728) 0.171768	 
8729) 0.130912	 
8730) 0.111168	 
8731) 0.100406	 
8732) 0.0556552	 
8733) 0.00297031	 
8839) 0.00328834	 
8840) 0.0129216	 
8841) 0.0113533	 
8842) 0.0126004	 
8843) 0.015442	 
8844) 0.0214851	 
8845) 0.0280933	 
8846) 0.0207521	 
8847) 0.0208613	 
8848) 0.0208174	 
8849) 0.0205364	 
8850) 0.0195551	 
8851) 0.0177106	 
8852) 0.012885	 
8853) 0.0017676	 
9095) 0.0174811	 
9096) 0.127198	 
9097) 0.169786	 
9098) 0.18957	 
9099) 0.23004	 
9100) 0.308004	 
9101) 0.386001	 
9102) 0.406468	 
9103) 0.408103	 
9104) 0.407252	 
9105) 0.402336	 
9106) 0.385911	 
9107) 0.299568	 
9108) 0.284552	 
9109) 0.283823	 
9110) 0.28319	 
9111) 0.270708	 
9112) 0.219758	 
9113) 0.166264	 
9114) 0.141083	 
9115) 0.127427	 
9116) 0.0706339	 
9117) 0.00376975	 
9351) 0.00610387	 
9352) 0.0659126	 
9353) 0.0989308	 
9354) 0.109831	 
9355) 0.133315	 
9356) 0.178011	 
9357) 0.221679	 
9358) 0.232941	 
9359) 0.233863	 
9360) 0.233897	 
9361) 0.23392	 
9362) 0.233713	 
9363) 0.233091	 
9364) 0.232853	 
9365) 0.231809	 
9366) 0.226038	 
9367) 0.213842	 
9368) 0.173155	 
9369) 0.130989	 
9370) 0.111149	 
9371) 0.100389	 
9372) 0.0556461	 
9373) 0.00296983	 
9479) 0.000818195	 
9480) 0.0100646	 
9481) 0.0158865	 
9482) 0.0178627	 
9483) 0.0215827	 
9484) 0.0286144	 
9485) 0.0355975	 
9486) 0.0374092	 
9487) 0.037423	 
9488) 0.036684	 
9489) 0.0365005	 
10375) 0.000158885	 
10376) 0.00587934	 
10377) 0.00985306	 
10378) 0.0108196	 
10379) 0.0130152	 
10380) 0.017196	 
10381) 0.0213646	 
10382) 0.0224399	 
10383) 0.0225055	 
10384) 0.0231535	 
10385) 0.0244373	 
10386) 0.0270771	 
10387) 0.0294104	 
10388) 0.0301032	 
10389) 0.0301251	 
10390) 0.0448459	 
10391) 0.0426187	 
10392) 0.0344792	 
10393) 0.0260647	 
10394) 0.0341059	 
10395) 0.0308264	 
10396) 0.0174111	 
10397) 0.000983992	 
10503) 0.0619898	 
10504) 0.644617	 
10505) 0.951788	 
10506) 1.05102	 
10507) 1.26469	 
10508) 1.67382	 
10509) 2.07898	 
10510) 2.18613	 
10511) 2.20495	 
10512) 2.2132	 
10513) 2.2169	 
10514) 2.43766	 
10515) 2.44107	 
10516) 2.44373	 
10517) 2.78628	 
10518) 2.77508	 
10519) 2.63545	 
10520) 2.12535	 
10521) 1.59941	 
10522) 1.35405	 
10523) 1.22498	 
10524) 0.739391	 
10525) 0.0525163	 
10631) 0.303068	 
10632) 3.6686	 
10633) 5.69623	 
10634) 6.29629	 
10635) 7.57809	 
10636) 10.009	 
10637) 12.3906	 
10638) 13.0148	 
10639) 14.4735	 
10640) 14.3962	 
10641) 16.0525	 
10642) 16.0379	 
10643) 16.0556	 
10644) 16.0897	 
10645) 16.1084	 
10646) 16.0429	 
10647) 15.2093	 
10648) 12.1976	 
10649) 9.11957	 
10650) 7.69505	 
10651) 6.95969	 
10652) 4.64039	 
10653) 0.460443	 
10759) 0.948172	 
10760) 12.0765	 
10761) 19.0695	 
10762) 21.0806	 
10763) 25.3444	 
10764) 33.4153	 
10765) 41.3375	 
10766) 43.32	 
10767) 40.968	 
10768) 39.3082	 
10769) 39.4033	 
10770) 39.4217	 
10771) 39.4158	 
10772) 39.3703	 
10773) 39.3679	 
10774) 39.2169	 
10775) 37.1081	 
10776) 30.2276	 
10777) 22.4362	 
10778) 18.8638	 
10779) 17.0251	 
10780) 12.5096	 
10781) 1.6969	 
10887) 1.00424	 
10888) 10.4551	 
10889) 15.5778	 
10890) 17.2412	 
10891) 20.7485	 
10892) 27.4639	 
10893) 34.2733	 
10894) 36.9968	 
10895) 37.9308	 
10896) 38.8743	 
10897) 39.5275	 
10898) 39.5195	 
10899) 39.3805	 
10900) 39.0467	 
10901) 38.8824	 
10902) 38.6895	 
10903) 36.6072	 
10904) 29.1799	 
10905) 21.6594	 
10906) 18.2124	 
10907) 16.4329	 
10908) 12.0549	 
10909) 1.65297	 
11015) 0.218482	 
11016) 1.92651	 
11017) 2.72143	 
11018) 3.01909	 
11019) 3.63991	 
11020) 4.83641	 
11021) 6.06926	 
11022) 6.64352	 
11023) 7.36294	 
11024) 7.92872	 
11025) 7.81747	 
11026) 7.67365	 
11027) 7.61437	 
11028) 7.5113	 
11029) 7.45928	 
11030) 7.41973	 
11031) 7.03361	 
11032) 5.64076	 
11033) 4.21738	 
11034) 3.55875	 
11035) 3.21711	 
11036) 2.14175	 
11037) 0.218875	 
11143) 0.00960072	 
11144) 0.103651	 
11145) 0.155726	 
11146) 0.172435	 
11147) 0.207459	 
11148) 0.274403	 
11149) 0.340952	 
11150) 0.359301	 
11151) 0.363197	 
11152) 0.361735	 
11153) 0.352177	 
11154) 0.346709	 
11155) 0.341233	 
11156) 0.339812	 
11157) 0.339564	 
11158) 0.338146	 
11159) 0.321606	 
11160) 0.260548	 
11161) 0.197086	 
11162) 0.16721	 
11163) 0.15105	 
11164) 0.0843107	 
11165) 0.00461252	 
11272) 0.00737545	 
11273) 0.0148508	 
11274) 0.016286	 
11275) 0.0194381	 
11276) 0.0252229	 
11277) 0.03029	 
11278) 0.0314144	 
11289) 0.000717135	 
11290) 0.000777863	 
11291) 0.000708715	 
11292) 0.000405254	 
11293) 2.37489e-05	 
11527) 0.00577507	 
11528) 0.0743432	 
11529) 0.116873	 
11530) 0.129248	 
11531) 0.155397	 
11532) 0.205316	 
11533) 0.257989	 
11534) 0.280382	 
11535) 0.285499	 
11536) 0.284699	 
11537) 0.277628	 
11538) 0.276425	 
11539) 0.276354	 
11540) 0.276371	 
11541) 0.276375	 
11542) 0.275361	 
11543) 0.26344	 
11544) 0.217047	 
11545) 0.165862	 
11546) 0.140894	 
11547) 0.127259	 
11548) 0.0705396	 
11549) 0.00376469	 
11783) 0.00554937	 
11784) 0.0652962	 
11785) 0.100094	 
11786) 0.110768	 
11787) 0.133326	 
11788) 0.176474	 
11789) 0.222541	 
11790) 0.243208	 
11791) 0.248196	 
11792) 0.248407	 
11793) 0.248354	 
11794) 0.248357	 
11795) 0.248322	 
11796) 0.248219	 
11797) 0.24778	 
11798) 0.242737	 
11799) 0.218855	 
11800) 0.173465	 
11801) 0.131053	 
11802) 0.111201	 
11803) 0.10044	 
11804) 0.055676	 
11805) 0.00297144	 
11914) 2.81297e-05	 
11915) 0.00211657	 
11916) 0.0056732	 
11917) 0.00821845	 
11918) 0.00922814	 
11919) 0.00947984	 
11920) 0.0088477	 
11921) 0.00884162	 
11922) 0.00884059	 
11923) 0.00883287	 
11924) 0.0087953	 
11925) 0.00856655	 
11926) 0.00663222	 
11927) 0.00200432	 
11928) 5.17257e-05	 
12167) 0.00842449	 
12168) 0.0929793	 
12169) 0.140108	 
12170) 0.155575	 
12171) 0.189139	 
12172) 0.253093	 
12173) 0.31537	 
12174) 0.331468	 
12175) 0.333172	 
12176) 0.333386	 
12177) 0.333379	 
12178) 0.3334	 
12179) 0.333361	 
12180) 0.333174	 
12181) 0.328214	 
12182) 0.291021	 
12183) 0.271315	 
12184) 0.219531	 
12185) 0.16607	 
12186) 0.140917	 
12187) 0.127276	 
12188) 0.07055	 
12189) 0.00376526	 
12423) 0.00713953	 
12424) 0.0712447	 
12425) 0.10149	 
12426) 0.109801	 
12427) 0.130166	 
12428) 0.172182	 
12429) 0.213411	 
12430) 0.224215	 
12431) 0.22558	 
12432) 0.22602	 
12433) 0.226506	 
12434) 0.226735	 
12435) 0.226755	 
12436) 0.226766	 
12437) 0.22663	 
12438) 0.225509	 
12439) 0.214334	 
12440) 0.173338	 
12441) 0.131082	 
12442) 0.111223	 
12443) 0.100457	 
12444) 0.0556846	 
12445) 0.00297191	 
12561) 0.00431359	 
12562) 0.00943795	 
12563) 0.00969808	 
12564) 4.11831e-05	 
12565) 3.42391e-05	 
12566) 3.17283e-05	 
12567) 8.3819e-06	 
12807) 0.00699407	 
12808) 0.0732273	 
12809) 0.110986	 
12810) 0.122975	 
12811) 0.147952	 
12812) 0.195489	 
12813) 0.242783	 
12814) 0.255795	 
12815) 0.257719	 
12816) 0.262709	 
12817) 0.27523	 
12818) 0.281634	 
12819) 0.285042	 
12820) 0.286408	 
12821) 0.286433	 
12822) 0.285222	 
12823) 0.271222	 
12824) 0.219678	 
12825) 0.166182	 
12826) 0.141008	 
12827) 0.127357	 
12828) 0.0705945	 
12829) 0.00376761	 
13063) 0.0165615	 
13064) 0.0896069	 
13065) 0.107916	 
13066) 0.120914	 
13067) 0.146288	 
13068) 0.195544	 
13069) 0.243449	 
13070) 0.245392	 
13071) 0.232157	 
13072) 0.220623	 
13073) 0.220174	 
13074) 0.221355	 
13075) 0.224425	 
13076) 0.225751	 
13077) 0.225782	 
13078) 0.224867	 
13079) 0.213895	 
13080) 0.173267	 
13081) 0.131027	 
13082) 0.111168	 
13083) 0.100403	 
13084) 0.0556529	 
13085) 0.00297017	 
13191) 0.00542459	 
13192) 0.0216248	 
13193) 0.0221835	 
13194) 0.025185	 
13195) 0.0305969	 
13196) 0.0413498	 
13197) 0.051845	 
13198) 0.0501109	 
13199) 0.0391064	 
13200) 0.0347622	 
13201) 0.0357385	 
13202) 0.0363346	 
13203) 0.0365014	 
13204) 0.0365814	 
13205) 0.0365456	 
13206) 0.0359821	 
13207) 0.0339662	 
13208) 0.0275111	 
13209) 0.020811	 
13447) 0.0181316	 
13448) 0.126006	 
13449) 0.164782	 
13450) 0.18293	 
13451) 0.218617	 
13452) 0.289169	 
13453) 0.349545	 
13454) 0.278752	 
13455) 0.265103	 
13456) 0.26497	 
13457) 0.26647	 
13458) 0.267134	 
13459) 0.267198	 
13460) 0.267459	 
13461) 0.26799	 
13462) 0.270791	 
13463) 0.266795	 
13464) 0.219449	 
13465) 0.166174	 
13466) 0.141009	 
13467) 0.127361	 
13468) 0.0705969	 
13469) 0.00376777	 
13703) 0.00536144	 
13704) 0.0615865	 
13705) 0.0934811	 
13706) 0.103361	 
13707) 0.124267	 
13708) 0.164361	 
13709) 0.203839	 
13710) 0.213437	 
13711) 0.213049	 
13712) 0.208122	 
13713) 0.206932	 
13714) 0.206892	 
13715) 0.206926	 
13716) 0.207179	 
13717) 0.20775	 
13718) 0.210827	 
13719) 0.209574	 
13720) 0.173005	 
13721) 0.131016	 
13722) 0.111172	 
13723) 0.100409	 
13724) 0.0556563	 
13725) 0.00297037	 
13832) 0.00697364	 
13833) 0.0130517	 
13834) 0.0143296	 
13835) 0.0171281	 
13836) 0.0223577	 
14087) 0.00585058	 
14088) 0.0756165	 
14089) 0.120772	 
14090) 0.136302	 
14091) 0.165421	 
14092) 0.218562	 
14093) 0.270647	 
14094) 0.28303	 
14095) 0.277038	 
14096) 0.27586	 
14097) 0.275791	 
14098) 0.275832	 
14099) 0.275842	 
14100) 0.27585	 
14101) 0.277813	 
14102) 0.28206	 
14103) 0.270517	 
14104) 0.219504	 
14105) 0.166194	 
14106) 0.141036	 
14107) 0.127383	 
14108) 0.0706086	 
14109) 0.00376838	 
14343) 0.00550814	 
14344) 0.0663697	 
14345) 0.104257	 
14346) 0.117863	 
14347) 0.142921	 
14348) 0.189072	 
14349) 0.234726	 
14350) 0.246545	 
14351) 0.247476	 
14352) 0.247495	 
14353) 0.247409	 
14354) 0.247029	 
14355) 0.242867	 
14356) 0.229994	 
14357) 0.225223	 
14358) 0.224094	 
14359) 0.21324	 
14360) 0.173016	 
14361) 0.131024	 
14362) 0.111192	 
14363) 0.100428	 
14364) 0.0556678	 
14365) 0.00297098	 
14471) 0.00105129	 
14472) 0.00477919	 
14473) 0.00301518	 
14474) 0.00337424	 
14475) 0.00436027	 
14476) 0.00631808	 
14477) 0.00788042	 
14478) 0.00845846	 
14479) 0.00850805	 
14480) 0.00850855	 
14481) 0.00847708	 
14482) 0.00825704	 
14483) 0.00631727	 
14484) 0.00167977	 
14727) 0.00947134	 
14728) 0.115836	 
14729) 0.180949	 
14730) 0.200347	 
14731) 0.240902	 
14732) 0.318059	 
14733) 0.394092	 
14734) 0.413725	 
14735) 0.415314	 
14736) 0.415361	 
14737) 0.415157	 
14738) 0.410436	 
14739) 0.410914	 
14740) 0.405395	 
14741) 0.405137	 
14742) 0.403612	 
14743) 0.383544	 
14744) 0.309945	 
14745) 0.233921	 
14746) 0.195321	 
14747) 0.163343	 
14748) 0.0776784	 
14749) 0.00377067	 
14855) 0.0302101	 
14856) 0.362604	 
14857) 0.562137	 
14858) 0.621789	 
14859) 0.747603	 
14860) 0.987491	 
14861) 1.22422	 
14862) 1.28539	 
14863) 1.29487	 
14864) 1.29505	 
14865) 1.2949	 
14866) 1.29294	 
14867) 1.28731	 
14868) 1.285	 
14869) 1.28477	 
14870) 1.28059	 
14871) 1.22078	 
14872) 1.00059	 
14873) 0.780453	 
14874) 0.626784	 
14875) 0.285629	 
14983) 0.177637	 
14984) 1.84413	 
14985) 2.73054	 
14986) 3.02292	 
14987) 3.63849	 
14988) 4.81694	 
14989) 5.9882	 
14990) 6.29291	 
14991) 6.31801	 
14992) 6.3189	 
14993) 6.31856	 
14994) 6.31878	 
14995) 6.31806	 
14996) 6.31825	 
14997) 6.31769	 
14998) 6.30058	 
14999) 6.06402	 
15000) 5.12929	 
15001) 4.16681	 
15002) 3.5407	 
15003) 2.02406	 
15004) 0.0767269	 
15029) 1.6204e-11	 
15030) 7.03658e-09	 
15031) 4.55403e-08	 
15032) 1.3035e-07	 
15033) 1.23451e-07	 
15034) 3.45592e-08	 
15035) 3.28059e-08	 
15036) 5.17211e-08	 
15037) 7.771e-08	 
15038) 1.70892e-08	 
15039) 8.03231e-08	 
15040) 6.85379e-08	 
15041) 1.53008e-08	 
15043) 2.61969e-08	 
15044) 4.08862e-08	 
15045) 4.45728e-08	 
15046) 4.46785e-08	 
15047) 3.61309e-08	 
15048) 2.98155e-10	 
15050) 6.68932e-09	 
15051) 3.73527e-08	 
15052) 4.44061e-08	 
15053) 4.40141e-08	 
15054) 2.88165e-08	 
15055) 1.4025e-08	 
15056) 1.55394e-08	 
15057) 1.45807e-09	 
15061) 4.33459e-08	 
15062) 3.40259e-08	 
15067) 3.11426e-08	 
15071) 3.71508e-08	 
15072) 6.74621e-09	 
15074) 6.28622e-09	 
15075) 6.14746e-09	 
15077) 2.18658e-10	 
15111) 0.596738	 
15112) 5.83418	 
15113) 8.46741	 
15114) 9.37903	 
15115) 11.2959	 
15116) 14.9718	 
15117) 18.6359	 
15118) 19.5921	 
15119) 19.671	 
15120) 19.6739	 
15121) 19.6728	 
15122) 19.6739	 
15123) 19.6727	 
15124) 19.6737	 
15125) 19.6718	 
15126) 19.6191	 
15127) 18.9228	 
15128) 16.1914	 
15129) 13.4864	 
15130) 12.0713	 
15131) 8.4127	 
15132) 2.27181	 
15133) 0.210409	 
15134) 0.000446242	 
15135) 6.7141e-06	 
15136) 1.31014e-07	 
15137) 4.40297e-07	 
15138) 6.76854e-07	 
15139) 4.33382e-07	 
15140) 4.1503e-07	 
15141) 6.88169e-07	 
15142) 3.75105e-07	 
15145) 4.05911e-07	 
15146) 3.40224e-07	 
15147) 8.47564e-08	 
15153) 7.22837e-08	 
15158) 8.79405e-08	 
15159) 2.73441e-07	 
15160) 7.82097e-07	 
15161) 7.40706e-07	 
15162) 2.07355e-07	 
15163) 1.96835e-07	 
15164) 3.10327e-07	 
15165) 4.6626e-07	 
15166) 1.02535e-07	 
15167) 4.81938e-07	 
15168) 4.11228e-07	 
15169) 9.18046e-08	 
15171) 1.57182e-07	 
15172) 2.45317e-07	 
15173) 2.67437e-07	 
15174) 2.68071e-07	 
15175) 2.16785e-07	 
15176) 1.78894e-09	 
15178) 4.01359e-08	 
15179) 2.24116e-07	 
15180) 2.66437e-07	 
15181) 2.64084e-07	 
15182) 1.72899e-07	 
15183) 8.41502e-08	 
15184) 9.32363e-08	 
15185) 8.74841e-09	 
15189) 2.60076e-07	 
15190) 2.04155e-07	 
15195) 1.86855e-07	 
15199) 2.22905e-07	 
15200) 4.04773e-08	 
15202) 3.77173e-08	 
15203) 3.68847e-08	 
15205) 1.31195e-09	 
15239) 1.19987	 
15240) 12.8638	 
15241) 19.2394	 
15242) 21.2933	 
15243) 25.6187	 
15244) 33.8912	 
15245) 42.1025	 
15246) 44.2371	 
15247) 44.4127	 
15248) 44.4191	 
15249) 44.4167	 
15250) 44.4191	 
15251) 44.4165	 
15252) 44.4189	 
15253) 44.4138	 
15254) 44.2815	 
15255) 42.5803	 
15256) 36.1868	 
15257) 29.851	 
15258) 26.5037	 
15259) 22.7047	 
15260) 8.88965	 
15261) 0.304632	 
15262) 8.05556e-05	 
15263) 1.12184e-06	 
15264) 2.18357e-08	 
15265) 7.33829e-08	 
15266) 1.12809e-07	 
15267) 7.22303e-08	 
15268) 6.91717e-08	 
15269) 1.14695e-07	 
15270) 6.25175e-08	 
15273) 6.76518e-08	 
15274) 5.6704e-08	 
15275) 1.41261e-08	 
15281) 1.20473e-08	 
15286) 1.46568e-08	 
15287) 4.55735e-08	 
15288) 1.3035e-07	 
15289) 1.23451e-07	 
15290) 3.45592e-08	 
15291) 3.28059e-08	 
15292) 5.17211e-08	 
15293) 7.771e-08	 
15294) 1.70892e-08	 
15295) 8.03231e-08	 
15296) 6.85379e-08	 
15297) 1.53008e-08	 
15299) 2.61969e-08	 
15300) 4.08862e-08	 
15301) 4.45728e-08	 
15302) 4.46785e-08	 
15303) 3.61309e-08	 
15304) 2.98155e-10	 
15306) 6.68932e-09	 
15307) 3.73527e-08	 
15308) 4.44061e-08	 
15309) 4.40141e-08	 
15310) 2.88165e-08	 
15311) 1.4025e-08	 
15312) 1.55394e-08	 
15313) 1.45807e-09	 
15317) 4.33459e-08	 
15318) 3.40259e-08	 
15323) 3.11426e-08	 
15327) 3.71508e-08	 
15328) 6.74621e-09	 
15330) 6.28622e-09	 
15331) 6.14746e-09	 
15333) 2.18658e-10	 
15367) 0.823973	 
15368) 9.61505	 
15369) 14.7642	 
15370) 16.3301	 
15371) 19.6297	 
15372) 25.9269	 
15373) 32.155	 
15374) 33.7686	 
15375) 33.901	 
15376) 33.9058	 
15377) 33.9039	 
15378) 33.9056	 
15379) 33.9038	 
15380) 33.9055	 
15381) 33.8994	 
15382) 33.752	 
15383) 32.0463	 
15384) 25.7321	 
15385) 18.1756	 
15386) 12.6533	 
15387) 11.3919	 
15388) 4.04527	 
15389) 0.0270764	 
15495) 0.0274204	 
15496) 0.328233	 
15497) 0.507958	 
15498) 0.56174	 
15499) 0.675064	 
15500) 0.891211	 
15501) 1.10476	 
15502) 1.16003	 
15503) 1.16456	 
15504) 1.16472	 
15505) 1.16466	 
15506) 1.16472	 
15507) 1.16466	 
15508) 1.16472	 
15509) 1.16421	 
15510) 1.15276	 
15511) 1.03878	 
15512) 0.656603	 
15513) 0.218065	 
15514) 0.0286015	 
15515) 0.0445099	 
15516) 0.013839	 
