106.428
121.007
96.3341
90.2599
88.6147
82.4308
85.1525
75.3856
74.6598
79.4724
75.5328
74.6054
74.7269
69.5155
68.5315
70.2114
70.7914
70.1055
70.7659
71.7948
72.9379
70.3387
73.9408
69.8485
71.5109
71.2236
78.5624
68.9874
73.781
74.3493
83.514
70.1035
73.9875
75.822
73.7539
73.923
71.0397
76.6762
69.7631
79.9559
73.3836
75.1672
72.6657
77.768
76.1867
76.3549
70.3303
72.7707
71.5339
72.0861
71.4876
75.9314
76.6169
73.9341
73.1563
73.787
76.9459
72.4331
73.5835
72.6178
73.1556
69.7977
75.326
72.6841
73.2907
73.5406
74.3
70.2558
68.1079
69.4364
68.3197
68.9413
71.1796
71.7622
70.8038
68.1148
67.1151
71.2326
69.1673
68.9525
70.6015
73.5671
71.9706
75.6315
70.2838
67.1733
67.1686
68.3112
68.5211
71.5429
80.7695
70.4437
68.4195
69.4921
68.0433
69.3467
70.8627
70.0972
67.4684
73.4002
69.5318
69.7238
69.1795
73.1143
70.3195
74.9756
70.3716
70.8274
67.6667
68.4437
66.9214
69.0619
67.4062
74.0296
70.0457
75.6257
74.4723
67.474
67.7053
71.6817
73.8289
67.7421
66.7561
66.4221
68.5547
66.5513
73.4077
71.6005
69.9638
68.7112
72.8702
72.5219
70.7872
68.6948
74.4265
66.2042
68.2776
75.1195
67.0787
68.5454
75.3753
73.1725
71.572
72.9033
72.9467
70.8622
72.1671
67.3781
73.8047
72.3704
71.5638
71.8489
71.8157
77.4461
73.7811
74.221
72.0236
73.0868
71.8353
68.6415
69.8431
73.2728
69.9408
69.8326
67.6513
74.6935
75.5808
74.692
68.1717
71.6416
72.593
72.5806
72.347
70.535
66.3401
68.5948
73.3732
65.8865
72.3202
72.312
73.9696
73.463
69.8813
70.0947
70.7789
67.641
69.2008
68.4627
68.024
70.5405
69.3947
63.8694
66.8874
67.2075
75.9151
72.822
70.7985
72.4224
69.7981
67.5335
73.9081
69.0933
66.5366
72.0887
69.2257
72.6679
72.962
70.0634
69.7832
72.0773
71.4018
76.9192
76.2329
70.8719
78.7868
73.2387
72.7535
75.2489
72.5387
69.0797
70.7308
70.5977
72.4035
72.1551
77.5332
73.9584
73.3606
77.6226
67.1896
73.7647
73.1968
71.2287
67.2334
74.6277
71.0181
67.8012
72.4223
71.0171
69.4664
68.4079
70.648
70.1631
69.4392
73.0591
69.6935
67.977
68.4406
68.7443
66.8959
69.4126
69.3001
75.2346
70.595
71.8009
71.1083
67.2841
73.9746
69.1027
68.4747
66.2731
69.8269
74.0728
65.8296
69.4245
71.909
72.3182
72.1185
71.0864
69.2615
72.7213
69.1757
74.0024
70.0079
69.2982
67.8145
70.2187
69.9158
69.8659
69.8756
71.0185
71.2457
72.6794
72.611
71.8093
71.4311
69.8376
69.0339
69.35
70.2425
67.7694
71.4969
70.2441
69.557
72.7756
73.5109
78.613
70.7627
73.7646
70.3407
69.883
69.2001
