0) 	6070 	 | -1-2066	 	 | 6070
1) 	115 	 | 2066-2068	 	 | 6185
2) 	115 	 | 2068-2070	 	 | 6300
3) 	115 	 | 2070-2072	 	 | 6415
4) 	25 	 | 2072-2074	 	 | 6440
5) 	0 	 | 2074-2076	 	 | 6440
6) 	0 	 | 2076-2078	 	 | 6440
7) 	0 	 | 2078-2080	 	 | 6440
8) 	0 	 | 2080-2082	 	 | 6440
9) 	0 	 | 2082-2084	 	 | 6440
10) 	0 	 | 2084-2086	 	 | 6440
11) 	0 	 | 2086-2088	 	 | 6440
12) 	0 	 | 2088-2090	 	 | 6440
13) 	0 	 | 2090-2092	 	 | 6440
14) 	0 	 | 2092-2094	 	 | 6440
15) 	0 	 | 2094-2096	 	 | 6440
16) 	0 	 | 2096-2098	 	 | 6440
17) 	0 	 | 2098-2100	 	 | 6440
18) 	0 	 | 2100-2102	 	 | 6440
19) 	0 	 | 2102-2104	 	 | 6440
20) 	0 	 | 2104-2106	 	 | 6440
21) 	0 	 | 2106-2108	 	 | 6440
22) 	0 	 | 2108-2110	 	 | 6440
23) 	0 	 | 2110-2112	 	 | 6440
24) 	0 	 | 2112-2114	 	 | 6440
25) 	0 	 | 2114-2116	 	 | 6440
26) 	0 	 | 2116-2118	 	 | 6440
27) 	0 	 | 2118-2120	 	 | 6440
28) 	0 	 | 2120-2122	 	 | 6440
29) 	0 	 | 2122-2124	 	 | 6440
30) 	0 	 | 2124-2126	 	 | 6440
31) 	0 	 | 2126-2128	 	 | 6440
32) 	0 	 | 2128-2130	 	 | 6440
33) 	0 	 | 2130-2132	 	 | 6440
34) 	0 	 | 2132-2134	 	 | 6440
35) 	0 	 | 2134-2136	 	 | 6440
36) 	0 	 | 2136-2138	 	 | 6440
37) 	0 	 | 2138-2140	 	 | 6440
38) 	0 	 | 2140-2142	 	 | 6440
39) 	0 	 | 2142-2144	 	 | 6440
40) 	0 	 | 2144-2146	 	 | 6440
41) 	0 	 | 2146-2148	 	 | 6440
42) 	0 	 | 2148-2150	 	 | 6440
43) 	0 	 | 2150-2152	 	 | 6440
44) 	0 	 | 2152-2154	 	 | 6440
45) 	0 	 | 2154-2156	 	 | 6440
46) 	0 	 | 2156-2158	 	 | 6440
47) 	0 	 | 2158-2160	 	 | 6440
48) 	0 	 | 2160-2162	 	 | 6440
49) 	0 	 | 2162-2164	 	 | 6440
50) 	14056 	 | 2164-4242	 	 | 20496
51) 	92 	 | 4242-4244	 	 | 20588
52) 	92 	 | 4244-4246	 	 | 20680
53) 	92 	 | 4246-4248	 	 | 20772
54) 	20 	 | 4248-4250	 	 | 20792
55) 	0 	 | 4250-4252	 	 | 20792
56) 	0 	 | 4252-4254	 	 | 20792
57) 	0 	 | 4254-4256	 	 | 20792
58) 	0 	 | 4256-4258	 	 | 20792
59) 	0 	 | 4258-4260	 	 | 20792
60) 	0 	 | 4260-4262	 	 | 20792
61) 	0 	 | 4262-4264	 	 | 20792
62) 	0 	 | 4264-4266	 	 | 20792
63) 	0 	 | 4266-4268	 	 | 20792
64) 	0 	 | 4268-4270	 	 | 20792
65) 	0 	 | 4270-4272	 	 | 20792
66) 	0 	 | 4272-4274	 	 | 20792
67) 	0 	 | 4274-4276	 	 | 20792
68) 	0 	 | 4276-4278	 	 | 20792
69) 	0 	 | 4278-4280	 	 | 20792
70) 	0 	 | 4280-4282	 	 | 20792
71) 	0 	 | 4282-4284	 	 | 20792
72) 	0 	 | 4284-4286	 	 | 20792
73) 	0 	 | 4286-4288	 	 | 20792
74) 	0 	 | 4288-4290	 	 | 20792
75) 	0 	 | 4290-4292	 	 | 20792
76) 	0 	 | 4292-4294	 	 | 20792
77) 	0 	 | 4294-4296	 	 | 20792
78) 	0 	 | 4296-4298	 	 | 20792
79) 	0 	 | 4298-4300	 	 | 20792
80) 	0 	 | 4300-4302	 	 | 20792
81) 	0 	 | 4302-4304	 	 | 20792
82) 	0 	 | 4304-4306	 	 | 20792
83) 	0 	 | 4306-4308	 	 | 20792
84) 	0 	 | 4308-4310	 	 | 20792
85) 	0 	 | 4310-4312	 	 | 20792
86) 	0 	 | 4312-4314	 	 | 20792
87) 	0 	 | 4314-4316	 	 | 20792
88) 	0 	 | 4316-4318	 	 | 20792
89) 	0 	 | 4318-4320	 	 | 20792
90) 	0 	 | 4320-4322	 	 | 20792
91) 	0 	 | 4322-4324	 	 | 20792
92) 	0 	 | 4324-4326	 	 | 20792
93) 	0 	 | 4326-4328	 	 | 20792
94) 	0 	 | 4328-4330	 	 | 20792
95) 	0 	 | 4330-4332	 	 | 20792
96) 	0 	 | 4332-4334	 	 | 20792
97) 	0 	 | 4334-4336	 	 | 20792
98) 	0 	 | 4336-4338	 	 | 20792
99) 	0 	 | 4338-4340	 	 | 20792
100) 	9016 	 | 4340-5551	 	 | 29808
101) 	0 	 | 5551-5552	 	 | 29808
102) 	0 	 | 5552-5553	 	 | 29808
103) 	0 	 | 5553-5554	 	 | 29808
104) 	0 	 | 5554-5555	 	 | 29808
105) 	0 	 | 5555-5556	 	 | 29808
106) 	0 	 | 5556-5557	 	 | 29808
107) 	0 	 | 5557-5558	 	 | 29808
108) 	0 	 | 5558-5559	 	 | 29808
109) 	0 	 | 5559-5560	 	 | 29808
110) 	0 	 | 5560-5561	 	 | 29808
111) 	0 	 | 5561-5562	 	 | 29808
112) 	0 	 | 5562-5563	 	 | 29808
113) 	0 	 | 5563-5564	 	 | 29808
114) 	0 	 | 5564-5565	 	 | 29808
115) 	0 	 | 5565-5566	 	 | 29808
116) 	0 	 | 5566-5567	 	 | 29808
117) 	0 	 | 5567-5568	 	 | 29808
118) 	0 	 | 5568-5569	 	 | 29808
119) 	0 	 | 5569-5570	 	 | 29808
120) 	0 	 | 5570-5571	 	 | 29808
121) 	0 	 | 5571-5572	 	 | 29808
122) 	0 	 | 5572-5573	 	 | 29808
123) 	0 	 | 5573-5574	 	 | 29808
124) 	0 	 | 5574-5575	 	 | 29808
125) 	0 	 | 5575-5576	 	 | 29808
126) 	0 	 | 5576-5577	 	 | 29808
127) 	0 	 | 5577-5578	 	 | 29808
128) 	0 	 | 5578-5579	 	 | 29808
129) 	0 	 | 5579-5580	 	 | 29808
130) 	0 	 | 5580-5581	 	 | 29808
131) 	0 	 | 5581-5582	 	 | 29808
132) 	0 	 | 5582-5583	 	 | 29808
133) 	0 	 | 5583-5584	 	 | 29808
134) 	0 	 | 5584-5585	 	 | 29808
135) 	0 	 | 5585-5586	 	 | 29808
136) 	0 	 | 5586-5587	 	 | 29808
137) 	0 	 | 5587-5588	 	 | 29808
138) 	0 	 | 5588-5589	 	 | 29808
139) 	0 	 | 5589-5590	 	 | 29808
140) 	0 	 | 5590-5591	 	 | 29808
141) 	0 	 | 5591-5592	 	 | 29808
142) 	0 	 | 5592-5593	 	 | 29808
143) 	0 	 | 5593-5594	 	 | 29808
144) 	0 	 | 5594-5595	 	 | 29808
145) 	0 	 | 5595-5596	 	 | 29808
146) 	0 	 | 5596-5597	 	 | 29808
147) 	0 	 | 5597-5598	 	 | 29808
148) 	0 	 | 5598-5599	 	 | 29808
149) 	0 	 | 5599-5600	 	 | 29808
150) 	6556 	 | 5600-6038	 	 | 36364
151) 	207 	 | 6038-6040	 	 | 36571
152) 	45 	 | 6040-6042	 	 | 36616
153) 	0 	 | 6042-6044	 	 | 36616
154) 	0 	 | 6044-6046	 	 | 36616
155) 	0 	 | 6046-6048	 	 | 36616
156) 	0 	 | 6048-6050	 	 | 36616
157) 	0 	 | 6050-6052	 	 | 36616
158) 	0 	 | 6052-6054	 	 | 36616
159) 	0 	 | 6054-6056	 	 | 36616
160) 	0 	 | 6056-6058	 	 | 36616
161) 	0 	 | 6058-6060	 	 | 36616
162) 	0 	 | 6060-6062	 	 | 36616
163) 	0 	 | 6062-6064	 	 | 36616
164) 	0 	 | 6064-6066	 	 | 36616
165) 	0 	 | 6066-6068	 	 | 36616
166) 	0 	 | 6068-6070	 	 | 36616
167) 	0 	 | 6070-6072	 	 | 36616
168) 	0 	 | 6072-6074	 	 | 36616
169) 	0 	 | 6074-6076	 	 | 36616
170) 	0 	 | 6076-6078	 	 | 36616
171) 	0 	 | 6078-6080	 	 | 36616
172) 	0 	 | 6080-6082	 	 | 36616
173) 	0 	 | 6082-6084	 	 | 36616
174) 	0 	 | 6084-6086	 	 | 36616
175) 	0 	 | 6086-6088	 	 | 36616
176) 	0 	 | 6088-6090	 	 | 36616
177) 	0 	 | 6090-6092	 	 | 36616
178) 	0 	 | 6092-6094	 	 | 36616
179) 	0 	 | 6094-6096	 	 | 36616
180) 	0 	 | 6096-6098	 	 | 36616
181) 	0 	 | 6098-6100	 	 | 36616
182) 	0 	 | 6100-6102	 	 | 36616
183) 	0 	 | 6102-6104	 	 | 36616
184) 	0 	 | 6104-6106	 	 | 36616
185) 	0 	 | 6106-6108	 	 | 36616
186) 	0 	 | 6108-6110	 	 | 36616
187) 	0 	 | 6110-6112	 	 | 36616
188) 	0 	 | 6112-6114	 	 | 36616
189) 	0 	 | 6114-6116	 	 | 36616
190) 	0 	 | 6116-6118	 	 | 36616
191) 	0 	 | 6118-6120	 	 | 36616
192) 	0 	 | 6120-6122	 	 | 36616
193) 	0 	 | 6122-6124	 	 | 36616
194) 	0 	 | 6124-6126	 	 | 36616
195) 	0 	 | 6126-6128	 	 | 36616
196) 	0 	 | 6128-6130	 	 | 36616
197) 	0 	 | 6130-6132	 	 | 36616
198) 	0 	 | 6132-6134	 	 | 36616
199) 	0 	 | 6134-6136	 	 | 36616
200) 	27048 	 | 6136-9901	 	 | 63664
201) 	0 	 | 9901-9902	 	 | 63664
202) 	0 	 | 9902-9903	 	 | 63664
203) 	0 	 | 9903-9904	 	 | 63664
204) 	0 	 | 9904-9905	 	 | 63664
205) 	0 	 | 9905-9906	 	 | 63664
206) 	0 	 | 9906-9907	 	 | 63664
207) 	0 	 | 9907-9908	 	 | 63664
208) 	0 	 | 9908-9909	 	 | 63664
209) 	0 	 | 9909-9910	 	 | 63664
210) 	0 	 | 9910-9911	 	 | 63664
211) 	0 	 | 9911-9912	 	 | 63664
212) 	0 	 | 9912-9913	 	 | 63664
213) 	0 	 | 9913-9914	 	 | 63664
214) 	0 	 | 9914-9915	 	 | 63664
215) 	0 	 | 9915-9916	 	 | 63664
216) 	0 	 | 9916-9917	 	 | 63664
217) 	0 	 | 9917-9918	 	 | 63664
218) 	0 	 | 9918-9919	 	 | 63664
219) 	0 	 | 9919-9920	 	 | 63664
220) 	0 	 | 9920-9921	 	 | 63664
221) 	0 	 | 9921-9922	 	 | 63664
222) 	0 	 | 9922-9923	 	 | 63664
223) 	0 	 | 9923-9924	 	 | 63664
224) 	0 	 | 9924-9925	 	 | 63664
225) 	0 	 | 9925-9926	 	 | 63664
226) 	0 	 | 9926-9927	 	 | 63664
227) 	0 	 | 9927-9928	 	 | 63664
228) 	0 	 | 9928-9929	 	 | 63664
229) 	0 	 | 9929-9930	 	 | 63664
230) 	0 	 | 9930-9931	 	 | 63664
231) 	0 	 | 9931-9932	 	 | 63664
232) 	0 	 | 9932-9933	 	 | 63664
233) 	0 	 | 9933-9934	 	 | 63664
234) 	0 	 | 9934-9935	 	 | 63664
235) 	0 	 | 9935-9936	 	 | 63664
236) 	0 	 | 9936-9937	 	 | 63664
237) 	0 	 | 9937-9938	 	 | 63664
238) 	0 	 | 9938-9939	 	 | 63664
239) 	0 	 | 9939-9940	 	 | 63664
240) 	0 	 | 9940-9941	 	 | 63664
241) 	0 	 | 9941-9942	 	 | 63664
242) 	0 	 | 9942-9943	 	 | 63664
243) 	0 	 | 9943-9944	 	 | 63664
244) 	0 	 | 9944-9945	 	 | 63664
245) 	0 	 | 9945-9946	 	 | 63664
246) 	0 	 | 9946-9947	 	 | 63664
247) 	0 	 | 9947-9948	 	 | 63664
248) 	0 	 | 9948-9949	 	 | 63664
249) 	0 	 | 9949-9950	 	 | 63664
250) 	1656 	 | 9950-10009	 	 | 65320
251) 	0 	 | 10009-10011	 	 | 65320
252) 	0 	 | 10011-10013	 	 | 65320
253) 	0 	 | 10013-10015	 	 | 65320
254) 	0 	 | 10015-10017	 	 | 65320
255) 	0 	 | 10017-10019	 	 | 65320
256) 	0 	 | 10019-10021	 	 | 65320
257) 	0 	 | 10021-10023	 	 | 65320
258) 	0 	 | 10023-10025	 	 | 65320
259) 	0 	 | 10025-10027	 	 | 65320
260) 	0 	 | 10027-10029	 	 | 65320
261) 	0 	 | 10029-10031	 	 | 65320
262) 	0 	 | 10031-10033	 	 | 65320
263) 	0 	 | 10033-10035	 	 | 65320
264) 	0 	 | 10035-10037	 	 | 65320
265) 	0 	 | 10037-10039	 	 | 65320
266) 	0 	 | 10039-10041	 	 | 65320
267) 	0 	 | 10041-10043	 	 | 65320
268) 	0 	 | 10043-10045	 	 | 65320
269) 	0 	 | 10045-10047	 	 | 65320
270) 	0 	 | 10047-10049	 	 | 65320
271) 	0 	 | 10049-10051	 	 | 65320
272) 	0 	 | 10051-10053	 	 | 65320
273) 	0 	 | 10053-10055	 	 | 65320
274) 	0 	 | 10055-10057	 	 | 65320
275) 	0 	 | 10057-10059	 	 | 65320
276) 	0 	 | 10059-10061	 	 | 65320
277) 	0 	 | 10061-10063	 	 | 65320
278) 	0 	 | 10063-10065	 	 | 65320
279) 	0 	 | 10065-10067	 	 | 65320
280) 	0 	 | 10067-10069	 	 | 65320
281) 	0 	 | 10069-10071	 	 | 65320
282) 	0 	 | 10071-10073	 	 | 65320
283) 	0 	 | 10073-10075	 	 | 65320
284) 	0 	 | 10075-10077	 	 | 65320
285) 	0 	 | 10077-10079	 	 | 65320
286) 	0 	 | 10079-10081	 	 | 65320
287) 	0 	 | 10081-10083	 	 | 65320
288) 	0 	 | 10083-10085	 	 | 65320
289) 	0 	 | 10085-10087	 	 | 65320
290) 	0 	 | 10087-10089	 	 | 65320
291) 	0 	 | 10089-10091	 	 | 65320
292) 	0 	 | 10091-10093	 	 | 65320
293) 	0 	 | 10093-10095	 	 | 65320
294) 	0 	 | 10095-10097	 	 | 65320
295) 	0 	 | 10097-10099	 	 | 65320
296) 	0 	 | 10099-10101	 	 | 65320
297) 	0 	 | 10101-10103	 	 | 65320
298) 	0 	 | 10103-10105	 	 | 65320
299) 	0 	 | 10105-10107	 	 | 65320
300) 	3496 	 | 10107-10266	 	 | 68816
301) 	0 	 | 10266-10268	 	 | 68816
302) 	0 	 | 10268-10270	 	 | 68816
303) 	0 	 | 10270-10272	 	 | 68816
304) 	0 	 | 10272-10274	 	 | 68816
305) 	0 	 | 10274-10276	 	 | 68816
306) 	0 	 | 10276-10278	 	 | 68816
307) 	0 	 | 10278-10280	 	 | 68816
308) 	0 	 | 10280-10282	 	 | 68816
309) 	0 	 | 10282-10284	 	 | 68816
310) 	0 	 | 10284-10286	 	 | 68816
311) 	0 	 | 10286-10288	 	 | 68816
312) 	0 	 | 10288-10290	 	 | 68816
313) 	0 	 | 10290-10292	 	 | 68816
314) 	0 	 | 10292-10294	 	 | 68816
315) 	0 	 | 10294-10296	 	 | 68816
316) 	0 	 | 10296-10298	 	 | 68816
317) 	0 	 | 10298-10300	 	 | 68816
318) 	0 	 | 10300-10302	 	 | 68816
319) 	0 	 | 10302-10304	 	 | 68816
320) 	0 	 | 10304-10306	 	 | 68816
321) 	0 	 | 10306-10308	 	 | 68816
322) 	0 	 | 10308-10310	 	 | 68816
323) 	0 	 | 10310-10312	 	 | 68816
324) 	0 	 | 10312-10314	 	 | 68816
325) 	0 	 | 10314-10316	 	 | 68816
326) 	0 	 | 10316-10318	 	 | 68816
327) 	0 	 | 10318-10320	 	 | 68816
328) 	0 	 | 10320-10322	 	 | 68816
329) 	0 	 | 10322-10324	 	 | 68816
330) 	0 	 | 10324-10326	 	 | 68816
331) 	0 	 | 10326-10328	 	 | 68816
332) 	0 	 | 10328-10330	 	 | 68816
333) 	0 	 | 10330-10332	 	 | 68816
334) 	0 	 | 10332-10334	 	 | 68816
335) 	0 	 | 10334-10336	 	 | 68816
336) 	0 	 | 10336-10338	 	 | 68816
337) 	0 	 | 10338-10340	 	 | 68816
338) 	0 	 | 10340-10342	 	 | 68816
339) 	0 	 | 10342-10344	 	 | 68816
340) 	0 	 | 10344-10346	 	 | 68816
341) 	0 	 | 10346-10348	 	 | 68816
342) 	0 	 | 10348-10350	 	 | 68816
343) 	0 	 | 10350-10352	 	 | 68816
344) 	0 	 | 10352-10354	 	 | 68816
345) 	0 	 | 10354-10356	 	 | 68816
346) 	0 	 | 10356-10358	 	 | 68816
347) 	0 	 | 10358-10360	 	 | 68816
348) 	0 	 | 10360-10362	 	 | 68816
349) 	0 	 | 10362-10364	 	 | 68816
350) 	1656 	 | 10364-10402	 	 | 70472
351) 	0 	 | 10402-10404	 	 | 70472
352) 	0 	 | 10404-10406	 	 | 70472
353) 	0 	 | 10406-10408	 	 | 70472
354) 	0 	 | 10408-10410	 	 | 70472
355) 	0 	 | 10410-10412	 	 | 70472
356) 	0 	 | 10412-10414	 	 | 70472
357) 	0 	 | 10414-10416	 	 | 70472
358) 	0 	 | 10416-10418	 	 | 70472
359) 	0 	 | 10418-10420	 	 | 70472
360) 	0 	 | 10420-10422	 	 | 70472
361) 	0 	 | 10422-10424	 	 | 70472
362) 	0 	 | 10424-10426	 	 | 70472
363) 	0 	 | 10426-10428	 	 | 70472
364) 	0 	 | 10428-10430	 	 | 70472
365) 	0 	 | 10430-10432	 	 | 70472
366) 	0 	 | 10432-10434	 	 | 70472
367) 	0 	 | 10434-10436	 	 | 70472
368) 	0 	 | 10436-10438	 	 | 70472
369) 	0 	 | 10438-10440	 	 | 70472
370) 	0 	 | 10440-10442	 	 | 70472
371) 	0 	 | 10442-10444	 	 | 70472
372) 	0 	 | 10444-10446	 	 | 70472
373) 	0 	 | 10446-10448	 	 | 70472
374) 	0 	 | 10448-10450	 	 | 70472
375) 	0 	 | 10450-10452	 	 | 70472
376) 	0 	 | 10452-10454	 	 | 70472
377) 	0 	 | 10454-10456	 	 | 70472
378) 	0 	 | 10456-10458	 	 | 70472
379) 	0 	 | 10458-10460	 	 | 70472
380) 	0 	 | 10460-10462	 	 | 70472
381) 	0 	 | 10462-10464	 	 | 70472
382) 	0 	 | 10464-10466	 	 | 70472
383) 	0 	 | 10466-10468	 	 | 70472
384) 	0 	 | 10468-10470	 	 | 70472
385) 	0 	 | 10470-10472	 	 | 70472
386) 	0 	 | 10472-10474	 	 | 70472
387) 	0 	 | 10474-10476	 	 | 70472
388) 	0 	 | 10476-10478	 	 | 70472
389) 	0 	 | 10478-10480	 	 | 70472
390) 	0 	 | 10480-10482	 	 | 70472
391) 	0 	 | 10482-10484	 	 | 70472
392) 	0 	 | 10484-10486	 	 | 70472
393) 	0 	 | 10486-10488	 	 | 70472
394) 	0 	 | 10488-10490	 	 | 70472
395) 	0 	 | 10490-10492	 	 | 70472
396) 	0 	 | 10492-10494	 	 | 70472
397) 	0 	 | 10494-10496	 	 | 70472
398) 	0 	 | 10496-10498	 	 | 70472
399) 	31928 	 | 10498-20000	 	 | 102400

splitter=================
0) 	1200
1) 	1300
2) 	1420
3) 	1450
4) 	1550
5) 	1600
6) 	1684
7) 	1804
8) 	1850
9) 	1934
10) 	1950
11) 	2064
12) 	-1
13) 	2200
14) 	2320
15) 	2350
16) 	2450
17) 	2575
18) 	2600
19) 	2705
20) 	2750
21) 	2834
22) 	2850
23) 	3000
24) 	3090
25) 	3100
26) 	3250
27) 	3340
28) 	3400
29) 	3475
30) 	3500
31) 	3650
32) 	3725
33) 	3750
34) 	3855
35) 	3981
36) 	4000
37) 	4111
38) 	4150
39) 	4240
40) 	-1
41) 	4373
42) 	4498
43) 	4550
44) 	4630
45) 	4750
46) 	4756
47) 	4876
48) 	4900
49) 	5011
50) 	5050
51) 	5150
52) 	5261
53) 	5300
54) 	5391
55) 	5450
56) 	5520
57) 	5550
58) 	-1
59) 	5650
60) 	5655
61) 	5771
62) 	5776
63) 	5782
64) 	5800
65) 	5904
66) 	5908
67) 	5950
68) 	6028
69) 	6033
70) 	6036
71) 	-1
72) 	6158
73) 	6165
74) 	6200
75) 	6290
76) 	6300
77) 	6420
78) 	6450
79) 	6550
80) 	6670
81) 	6700
82) 	6800
83) 	6850
84) 	6950
85) 	7055
86) 	7100
87) 	7184
88) 	7200
89) 	7350
90) 	7440
91) 	7450
92) 	7570
93) 	7693
94) 	7750
95) 	7825
96) 	7850
97) 	7955
98) 	8075
99) 	8100
100) 	8211
101) 	8250
102) 	8340
103) 	8460
104) 	8500
105) 	8590
106) 	8650
107) 	8726
108) 	8848
109) 	8900
110) 	8980
111) 	9100
112) 	9106
113) 	9226
114) 	9250
115) 	9361
116) 	9400
117) 	9500
118) 	9612
119) 	9650
120) 	9748
121) 	9800
122) 	9870
123) 	9900
124) 	-1
125) 	10000
126) 	10007
127) 	-1
128) 	10126
129) 	10133
130) 	10250
131) 	10254
132) 	10257
133) 	10264
134) 	-1
135) 	10384
136) 	10390
137) 	10400
138) 	-1
139) 	10517
140) 	10550
141) 	10640
142) 	10650
143) 	10770
144) 	10800
145) 	10900
146) 	10950
147) 	11050
148) 	11150
149) 	11200
150) 	11300
151) 	11405
152) 	11450
153) 	11534
154) 	11550
155) 	11700
156) 	11790
157) 	11800
158) 	11926
159) 	12042
160) 	12100
161) 	12175
162) 	12200
163) 	12305
164) 	12425
165) 	12440
166) 	12560
167) 	12600
168) 	12690
169) 	12700
170) 	12820
171) 	12943
172) 	13000
173) 	13072
174) 	13200
175) 	13250
176) 	13330
177) 	13450
178) 	13458
179) 	13500
180) 	13600
181) 	13711
182) 	13750
183) 	13850
184) 	13969
185) 	14000
186) 	14098
187) 	14150
188) 	14230
189) 	14350
190) 	14400
191) 	14480
192) 	14500
193) 	14610
194) 	14736
195) 	14750
196) 	14861
197) 	14900
198) 	15032
199) 	15100
